62978 25571
55549 23826
96750 58437
22523 7756
71312 81179
19232 20617
36503 55866
81283 20529
85694 39750
84546 78713
10729 3321
63880 74661
17 75578
50693 44436
81150 79987
25110 87782
60672 69496
88435 72003
51086 37972
2180 75273
76006 46408
21203 550
8292 76697
76341 78879
34939 96185
91685 83654
27670 23404
7506 35362
79411 62688
36959 36508
9257 82420
89518 22072
55873 77568
78049 37483
21333 90321
53712 55521
78462 16050
92645 51251
90631 76654
23150 46678
70549 54399
29442 6581
60756 99890
73844 25504
37542 6560
73068 87092
41313 70899
9547 73087
94230 14014
21768 1336
12618 15941
55088 39214
20439 43455
15592 1515
18829 80003
24948 56343
73145 71797
34848 88203
60862 64676
62978 72585
1995 56240
27803 12912
33359 75962
64455 36316
93255 44904
79541 30705
585 19077
83748 86396
13335 30314
46117 65371
61643 53336
69070 36415
90285 36748
47743 4449
60872 70042
51687 15815
97699 81260
56296 70018
33818 63643
76672 57396
86506 43908
3120 99005
73875 89776
67195 80447
46615 52744
43317 21629
4670 58224
34379 79050
50421 60402
89328 70555
89878 93542
95480 3269
58268 16124
38689 35528
71756 53699
61213 52110
38260 73571
32074 11763
67212 14596
17613 66091
81234 79552
44220 30553
59360 14676
89419 69352
65877 89547
46603 48254
82463 38498
41726 56533
8423 88578
13412 14164
72923 14726
68978 48715
68390 34730
78381 84024
19516 8182
17948 79518
94847 96460
66831 26448
244 40376
84875 65328
45841 9753
1489 6977
2983 96800
79134 17899
20770 67683
52876 88563
43427 17960
8206 3310
41243 26189
45012 29477
36832 3113
63233 34013
74655 99570
54432 8453
27878 87342
32025 58528
51973 58588
75683 6767
41854 63203
10471 83806
64281 30214
57720 54845
6486 7272
47718 96481
1113 79088
54405 475
91326 17979
96545 84924
14446 46964
1301 44028
84540 72232
17894 503
4764 32152
2385 44187
35906 51447
18703 36196
14274 34684
59706 14655
57889 18336
99304 79838
61719 69420
33372 4223
82996 73729
59386 94323
23021 33291
10840 39742
34844 84489
19799 4063
42283 55381
44028 87201
85873 10575
83824 20639
47375 15549
75082 23246
75946 61821
77018 6728
18180 34422
30649 5383
26370 99438
85581 62887
89863 40477
60179 52155
80619 4400
82179 31615
19633 39138
54876 62299
49804 70301
76806 34799
94850 1988
47860 60659
37697 84188
26278 96627
89157 31414
39075 43383
94654 41478
76528 27867
88017 18679
9680 57706
21548 52047
72900 25859
29832 8270
18463 57899
531 20747
32718 49582
49539 49056
29830 53763
44004 12381
28236 76883
67904 88123
79690 34433
90525 56689
51021 39042
70458 93403
46622 34390
93417 52424
46174 45031
49808 71446
81378 96925
18751 9787
63646 43087
68160 2341
80906 56156
54898 59684
69792 3012
38408 26685
71206 18048
55694 49067
68092 24548
8194 6990
19105 29866
54910 37315
38369 79308
86075 21671
7366 36715
65196 71489
61108 96376
41172 12373
3766 13879
13175 48037
99841 94916
33524 92994
58299 85168
65582 59574
35076 26854
13452 14971
50467 79255
27764 51220
7497 12101
42339 99872
32173 76138
83153 27476
35758 61474
87744 12873
8635 44504
61617 7433
26567 91755
37026 26238
11677 323
98952 39938
49075 29885
17884 63731
25197 45990
97345 66741
8927 50940
55150 27692
88202 47841
29578 12429
60276 57225
97678 87470
52872 80733
80993 10502
76481 32814
5232 64927
44962 4159
44141 97329
48054 97654
28091 63379
93132 28857
56982 62305
3847 66072
32262 55186
37448 80080
50709 39890
38808 66511
35206 36132
34336 73454
77186 10998
7412 17614
93317 44135
73261 12467
55046 68018
57071 75403
22152 7685
19025 57043
80697 73493
14375 3335
10932 95912
83579 62047
64050 18197
75673 91860
96357 21179
35365 91687
29529 32864
78131 57528
28685 15351
32245 55007
24132 14056
51782 54101
84410 87550
20349 17109
5823 38646
62150 36823
70343 93994
87233 33340
4179 29532
62593 14506
39061 80382
46799 81449
74744 81545
41546 5299
2473 46565
49969 64367
18994 6695
60636 99905
29282 78327
72544 33245
67718 10695
4958 77578
62332 53367
11200 10701
70552 20251
47679 37148
70281 53195
2587 64222
79169 37616
94285 58781
8316 10469
29704 67984
20894 35088
19601 69890
905 28303
78607 7908
28396 63994
61399 88393
78976 36679
5005 66027
52312 98835
45568 67571
33248 45078
78913 79915
43135 86700
98048 6891
50994 48041
66084 90694
35316 44151
69171 58298
76313 20089
42388 10551
59943 28243
595 15594
59757 79048
80506 76718
62664 60616
1364 506
84799 83697
47549 78871
8592 63874
28028 43272
13652 983
4763 98451
84073 61321
90672 22892
19424 73053
14651 24143
17183 90030
22775 55488
33922 27870
39943 96763
36831 40153
52507 86474
35788 35837
77838 97189
97124 9454
92187 29364
3929 72972
67265 51989
70471 390
72597 34598
37981 92385
87678 45372
87769 85033
38487 3378
61277 30109
52994 6195
655 83426
45008 82486
93081 65248
50400 88753
36067 80168
89726 18375
78582 30852
7906 26862
62254 63921
63859 30431
20380 71046
77067 33593
68100 90608
54635 98945
81545 65915
1251 78618
10311 18505
99337 28576
42285 23325
6285 42865
40386 9201
17988 63509
19658 81318
21467 93460
92493 33482
37808 66561
88490 89172
53392 6728
18783 52217
16884 11562
13246 56099
24475 85532
67738 53809
66954 98599
51802 97116
17862 40743
18253 57334
97329 95532
52852 83203
88044 3285
82816 27759
71768 18693
10816 30542
30413 20891
66257 39656
32467 70881
77229 69459
1251 93154
60588 77802
19171 51467
32734 64089
39814 33858
83336 89643
67118 43029
73222 70504
3189 85013
4717 86100
29157 32145
25551 94455
43801 88230
78846 44614
54443 15814
85506 26706
1584 66298
46059 60290
3908 57845
31269 59947
79463 97826
6737 41382
37712 1552
2690 78569
86203 87236
64367 53994
90505 90241
54040 87279
28497 28965
12126 64856
22179 6153
94731 73339
31273 25353
74526 63255
63902 63118
51558 78371
9839 16828
17083 4656
45293 25199
14795 89832
90783 73704
32883 41006
57147 58711
37217 97551
20104 20698
43410 35930
77388 26164
50532 40504
38557 39353
74021 48952
99550 29518
41087 62392
1451 83895
1292 4335
99917 55741
67984 5285
55971 11217
98916 26045
81863 11722
94470 93462
72507 992
12574 32748
27290 28791
69866 26559
56955 84541
26015 166
15356 27974
83164 52033
19640 63253
51289 95749
84474 20516
30939 13484
41311 44509
59542 58237
79955 71234
23636 48156
84118 30470
34794 16640
66332 975
27448 89037
99516 4605
70723 27279
19848 12059
54595 47393
5539 65184
71448 87380
516 61731
36736 3272
31947 309
21162 51856
83080 18399
10999 22292
49222 18682
11661 70626
74077 79721
66195 46277
84263 63347
14626 6049
79399 77531
39591 9697
36537 49241
84044 36930
68614 59851
27335 53956
35367 42102
67938 36504
27509 56444
75280 45389
9739 9154
3623 44373
62007 88884
11542 52227
79789 53092
20702 39294
3508 59786
46320 1887
43110 40915
1410 58403
62195 8660
41629 49500
22774 91159
59067 35844
40074 23541
77942 2086
779 92917
55950 52655
81102 54625
29946 13438
41731 93500
64896 84868
58560 26598
78224 85073
77064 57553
62078 77582
65312 98022
87001 856
70816 33905
50904 45213
17469 69473
76241 51831
60484 62449
52580 46062
71422 43785
32909 47789
93003 72426
42352 46123
2472 42437
48927 57831
55471 86052
85459 50670
13037 47699
9320 84122
58274 78459
56419 15945
9510 61605
6761 28313
43606 31158
46256 77378
33565 96847
38698 64274
15834 84981
73715 61830
93469 72176
11813 50619
12012 9163
43725 53991
78308 12303
27857 49757
7392 83805
34148 2631
4498 71514
38803 88892
93351 26545
29701 33951
88096 82204
11843 78430
23609 8165
85102 88390
45990 83146
86183 29951
48463 60528
63150 82821
72352 24142
42032 17456
38877 11946
70315 35301
28211 896
60645 56985
97076 75997
36738 20803
74129 16493
71756 39705
47898 88257
45117 47581
43014 91144
78874 437
54437 6909
53258 9778
99811 25415
89523 39890
1071 16730
69928 33138
56467 82364
59939 9703
49243 8541
85403 92183
15296 36660
35479 45932
56716 273
40738 68387
10665 62888
1472 33921
39244 31682
45543 8386
32184 25455
90265 3328
18069 91331
54047 4477
84004 39302
35464 6246
10508 21969
65568 33270
67861 33197
52213 80138
58931 18932
44791 6368
1568 95792
40531 98313
80488 70588
66129 33516
81728 31475
451 64509
79713 28634
56182 61533
79861 37279
50437 38044
63604 57180
87905 85081
38614 19579
2302 72058
71374 67047
41351 57411
91162 82506
70670 4220
87895 1955
2900 14974
42300 52711
54458 90959
62605 76822
87614 61617
94003 93320
69068 56948
29582 19862
98441 94814
3899 20408
70389 3556
27475 43261
28001 54949
71416 58944
411 52155
87957 2835
59912 77447
17156 33917
26212 14786
90402 3197
61496 10015
7880 66314
99045 54482
79590 55114
63099 13402
96642 39233
67345 43451
12857 52188
58246 77902
50130 96331
16879 83052
23687 6444
31307 17869
84105 5274
9306 86077
39765 33151
54956 90369
94245 75470
36228 66954
4573 6193
55141 6623
33499 75307
12523 77972
15345 53664
28538 82156
58783 66808
25781 76446
67192 39959
66216 56168
89121 20885
94537 75075
66282 77569
86441 1394
61241 19733
28419 34726
6525 27500
68112 16774
54852 43174
4916 83607
64417 29405
16879 3831
26763 68248
76311 93107
88715 63733
70181 47748
91713 81655
67994 44334
52876 49021
37377 89748
80414 63388
7621 81124
83032 38734
63326 6699
38730 98475
7315 84854
8169 65662
78681 54806
11688 83471
12969 52313
73092 69729
29620 75964
32490 78055
33672 33011
94079 6446
87679 86138
41318 17127
59763 91833
26488 73732
78929 3313
24311 48655
11991 42031
30823 2085
56830 78048
49155 91495
13103 77204
52029 66307
40102 37769
57075 87952
49568 86881
79660 57105
61448 35079
44252 34649
67237 28743
38429 84645
90188 49536
37570 17554
26857 80857
97158 1086
25724 683
47961 70859
85968 48179
69458 99962
26355 4340
32965 9237
44834 62562
99066 40580
60173 69184
25804 63368
45871 40205
16605 1209
84949 13180
88130 21009
91817 55223
95199 45332
3269 38765
22490 82554
83610 19009
63742 25390
98999 27256
25460 11881
67522 87027
7457 52970
65429 36785
81074 23592
25826 44968
64896 26983
54496 25177
20841 11260
54550 50086
75433 35993
72793 88925
65336 46050
8684 50181
91283 93153
49410 82147
91856 1915
48154 93576
18506 52507
75507 59069
74042 61157
4627 45809
55952 8531
87110 86712
42420 15211
51448 23611
83313 16666
95094 63940
48479 68460
82032 87097
36311 50341
37719 29578
19830 99793
24294 87845
68951 40274
67448 29564
65331 52462
15123 41376
63272 74822
33423 10183
22842 56227
32480 63218
53703 45692
20413 28457
57367 20911
56951 60237
10580 7552
3440 27529
80538 2946
28169 3195
83165 3965
91253 88807
7541 75152
54774 76216
74220 93864
38698 48062
17569 79684
39446 73460
4270 83583
57491 62982
6442 49806
30519 15690
93857 13798
47396 60434
2201 74752
53738 19080
83547 7538
32101 79028
86707 96470
23212 83965
9463 69740
25551 17541
97350 62374
25066 29366
61787 59406
37625 12190
38539 13910
940 39220
72704 15258
53586 43091
57740 7200
56477 30169
32951 17132
52900 62422
36325 17571
9446 886
72216 22560
96205 24046
15838 45624
88689 98272
93332 97948
74033 54338
14810 52225
56323 33801
71794 47422
3150 73138
56247 96639
88505 64188
61266 98927
34853 28391
57069 92698
920 65497
63753 23938
40187 11872
35863 52214
81320 98487
29813 96336
30854 29299
85117 58919
68548 75227
46476 49146
49004 75142
3338 4191
649 99870
4853 83692
87717 98614
69184 91323
24720 61910
19904 84337
30737 72476
2253 24654
76222 1536
97290 47788
52087 38516
97462 65159
79371 35459
82581 87532
83850 82231
51556 60110
53133 24502
81024 82542
23326 29051
65130 66968
28063 74231
46965 97069
78095 67357
47716 62291
17630 18738
25351 38926
12506 27114
50715 6685
9988 98556
58538 44777
18616 54891
82350 73085
29254 67421
3598 42874
4075 28643
70773 49729
63112 31350
86072 75302
89295 33589
58969 47457
94250 45881
45261 78172
4837 26242
19593 10284
64323 8378
18382 50145
52789 87886
31922 58394
4494 23449
52636 69566
33585 6415
29327 46989
89769 46253
6326 34072
86039 1839
45803 71925
38498 17032
93238 91711
65570 93667
74027 33953
23 36128
51508 7969
86633 63614
39222 32278
3969 21876
91465 14353
35652 81394
84658 27819
79370 56834
79550 19118
38441 74759
69503 38841
65433 34535
5777 86392
87412 84959
12457 35785
25464 55933
96959 34626
5877 58454
45545 48912
34341 90989
92289 54858
78453 63352
86620 96494
84721 93571
26676 16755
32191 6489
58005 11814
29912 50150
23762 68289
30409 94134
92636 30546
76669 12438
73936 39905
48243 64054
47648 17063
68232 46569
1144 13119
9875 94542
35332 2337
28971 76970
21478 28473
48504 32303
43221 67756
72463 93686
34184 24196
24802 62027
24289 48095
12441 82062
85416 64700
7944 17000
25409 30865
75272 97583
30156 69691
25718 61930
84378 14213
88779 13202
27157 3555
78589 59557
45487 34139
90939 89739
5262 17322
91727 41442
3148 95443
8927 30246
33553 47090
6887 39210
32394 51125
22492 28687
82511 63687
41824 45637
54605 12846
21267 64704
24026 90903
9302 8873
23030 10699
22993 93526
95113 24616
2136 95955
93714 34645
42676 12457
17185 91027
72860 11523
99269 85861
80184 23395
91366 4204
22061 96251
3335 30661
33798 97863
23290 97466
91601 24646
88927 28424
31786 50542
28540 47855
75271 66239
79063 14597
91365 61568
63427 7182
93081 18198
50789 38103
62288 90974
10179 8194
82714 6408
99243 98679
61757 33802
51828 82857
26101 9720
9941 89280
45631 91579
70696 44385
95768 90784
22278 17320
19668 30152
54244 45059
37176 80204
91018 71668
31768 46826
36646 45603
48488 18640
20037 80325
53346 99326
21652 147
6057 10597
78525 61248
91093 95289
93278 22460
52849 52679
97203 38733
84636 41694
14955 25148
42402 89257
93743 86501
86848 96635
27473 71397
25154 55405
70010 93109
31202 97414
46257 71059
19904 10542
41459 48210
65736 80910
84803 65024
57089 51376
52178 8662
16829 9198
17518 80447
71951 89309
83318 32839
55345 80217
10611 95920
72536 15871
60327 69312
13003 62770
40296 22016
25152 51238
89338 99878
26632 8497
61597 80135
55411 54741
14669 64183
18092 15985
13684 64035
29552 97261
66507 72041
24784 35444
55946 62666
90574 7901
81722 24875
37881 1543
2359 36576
80741 3821
31917 80101
57274 83311
15065 45271
21982 83385
47391 23848
90213 26378
45128 3586
22967 49
85207 55907
54697 71444
63806 36591
74787 97523
9779 1333
47040 52860
38146 93184
41990 95555
1131 53367
86339 61264
87169 81062
80934 45977
78662 83326
44309 6092
96727 74872
27741 22865
85372 70856
20886 10083
66281 39922
89952 6873
37446 38451
81628 50022
86477 10557
75189 78442
96260 16432
63079 77348
90633 10901
33158 34792
13347 57577
71554 77957
75348 77723
54463 50893
39813 88760
31946 89761
63300 93786
871 26920
44538 37825
44121 77623
74617 69692
80922 75361
92829 60562
98005 32427
36302 10305
50218 36976
95746 22213
62820 46302
9481 49017
37324 57518
90440 22945
21122 53041
68251 42078
42889 55129
45048 81006
9999 14722
64507 43045
48028 95186
33996 23706
80063 64918
45413 29193
38800 72965
65678 90999
32375 39680
41066 45425
49843 93092
4674 27583
84648 87797
60708 35343
89621 26256
5611 98406
70324 20138
47129 16876
24775 27009
3165 66420
52672 31169
60256 64658
54133 10221
88639 51803
51621 16010
60098 53840
31345 21454
39594 1680
25704 85904
72888 58289
84324 86857
54167 80407
85311 78249
56845 92855
74907 20363
22353 23762
26153 89437
8957 92676
73804 49132
12188 75945
47833 6332
93034 37254
37494 93124
5250 74446
40024 92893
43049 67689
87204 35817
10780 85994
52152 38714
25509 40094
31072 9557
25347 92234
70617 80879
5946 14444
41097 81760
10209 89066
95202 14909
88609 82960
98329 99554
3606 33648
49360 71585
17080 29989
42711 62962
95149 19756
83338 83511
3903 17491
25897 47685
39350 39364
53045 11608
93279 47771
64379 12473
22002 97924
18288 20097
24816 89901
48369 99634
11270 81678
97209 51431
68515 6321
60475 54324
23891 94635
65835 19446
48137 39882
91463 46954
30422 83088
55716 50878
60270 84124
36354 7161
27587 17368
87719 97065
17237 36331
35722 4313
84299 64369
53169 97691
26605 66888
85199 57281
15940 46168
62906 73294
19623 32253
78537 81939
67341 7448
9168 13884
29498 73050
66279 43030
6711 55060
15543 98846
7950 40574
60830 44092
91107 18081
97072 96560
63655 77961
8182 98350
57627 66656
94414 21002
52640 94528
56005 59541
20945 93826
75765 21150
78422 748
25592 48860
2995 71429
62126 92183
82830 18555
97918 21739
47806 92356
907 73766
49159 2956
71146 93946
33582 51239
48555 44992
61893 18195
49129 11104
47144 92349
88902 33171
30562 53241
20744 64988
88458 90568
58217 82923
93523 98529
2745 80470
25597 26386
71986 91618
23349 64439
50698 73773
91685 97578
68763 60764
12933 36143
77969 39616
21902 27993
59713 42283
84364 79288
24205 73241
94106 17541
27110 3861
41810 77352
72185 50561
2511 61584
5112 56124
41757 16323
93730 18217
13072 98550
83011 8680
31186 69559
20597 29506
68291 57939
31966 58447
36765 95485
41833 73681
93656 30712
13379 40748
63016 62335
12074 59944
80987 78951
27215 19503
14014 4880
51355 37513
9707 82274
97642 46593
60124 96254
56686 44542
74397 91256
99773 21889
90092 31468
75881 45969
11762 36111
14006 92023
87311 50604
62325 20555
58230 73066
7697 5880
85577 32740
46284 70135
61632 16850
10058 39841
22904 84785
39113 49956
32915 82652
10598 40477
59938 17754
12512 3031
7262 73078
8954 75805
67798 65139
19798 17094
43477 28433
32767 59120
99333 42675
39770 99603
29301 75697
38704 68403
60511 37366
49648 5070
67543 54696
19523 76366
90057 19969
71650 89565
90338 2830
47314 94270
6966 43710
15930 46535
51139 44327
47031 49351
19096 87223
52047 16329
15369 59903
37790 18522
87584 19501
51464 98033
34068 87523
84071 41228
1080 28757
34109 2614
3860 48592
43980 71607
75852 79885
87190 91457
77841 472
40910 20301
33628 75277
49593 34446
8221 86108
27029 55462
9577 89921
45993 9393
98690 20372
56616 3212
41932 53154
59618 55156
96552 67565
75975 57008
53005 8259
86326 75465
69301 24739
46660 55578
25144 23614
95790 65091
40654 12966
27308 43508
60987 41661
28720 21123
96761 28229
33571 64203
53745 41854
4110 60938
94010 22567
64852 3334
94542 96871
79332 61293
27059 85706
86854 66536
60559 63144
53888 4646
65083 72823
62643 490
65659 91002
27318 24930
15 66535
75389 51447
67899 88479
25618 7868
4869 76418
20918 6718
19694 77186
90943 18057
71947 49988
38626 77811
51872 988
4781 42471
46216 24157
12196 21964
70150 95320
11995 86746
68988 41030
67844 48303
51054 613
66263 62720
47680 1560
46402 89631
78018 8589
87346 11229
12798 707
28665 49472
83780 10661
8480 50083
60094 79028
18892 17016
97889 47016
76738 2360
29231 48452
49971 81919
65495 81952
4400 25830
40401 32574
59721 53366
87120 66896
53774 42572
62678 32569
21907 76335
15742 55722
78698 60478
89093 90238
37738 56240
177 20414
27489 38610
39142 25650
6836 17156
63664 23085
26411 57191
37898 97121
56155 24422
19548 90563
71035 37643
33020 73308
38877 11162
45280 84012
88694 10999
19754 38182
90529 88622
58420 57323
54470 28507
62944 79851
56303 19993
93862 41220
84912 14819
12295 87833
5825 380
91786 11648
90303 45396
47347 71159
77395 3661
18010 57498
69838 30478
36231 19904
25325 37377
49038 68020
95794 5436
33801 32477
55119 94246
52289 86867
14523 90810
50557 52797
51413 30169
43843 31293
82303 38066
99805 3342
62785 32237
46074 20288
39341 75777
8930 28850
41994 71265
11590 2819
38490 45488
58248 21921
32970 96291
78374 70286
88646 13369
9239 57307
80325 20707
50054 21971
33696 94379
93550 99265
83049 24330
27808 25485
53417 84947
56977 63416
85476 66778
69793 92652
70692 96922
88187 70640
60245 93674
2109 95203
41961 29462
56526 77209
75385 7901
99485 48120
40109 83116
54564 29812
9709 17015
14819 74592
36867 24414
88616 35131
16174 84922
39616 23372
39615 43172
61834 29079
3929 25127
78414 66458
94335 87658
20520 84603
98659 58908
97853 45288
37215 12338
34374 45971
86436 52456
81422 68819
75602 16074
40223 33512
69835 85431
12548 83250
5801 54603
88943 17508
84031 91323
51645 90775
8472 2058
54504 70723
28989 64263
14486 15416
73681 53590
87516 34321
90426 36725
39071 46396
83682 76444
72545 56144
83185 32275
32111 46962
57304 97486
51654 8134
55610 50554
41191 46020
97893 78539
23668 3505
93036 10642
66307 95336
91947 69124
52551 35975
98058 27009
91869 17739
13267 70052
51616 89962
54508 80115
21453 85733
87133 61959
22711 47325
25861 2970
59182 57535
60757 31345
74492 88731
43813 38375
1299 24231
98766 1496
25596 76079
22344 7299
24605 48021
1155 78763
28516 36599
71228 49497
23685 59659
40411 11884
90427 10603
88517 97328
31816 22480
62319 5848
33107 43641
33742 31189
15312 60335
61324 54587
70988 44918
7999 58426
18823 80661
34975 85737
9948 49169
44835 34510
97352 73152
34780 2231
96081 29714
42859 31178
93497 6247
48167 21031
50393 18375
48576 34508
6188 12590
1594 71814
3520 75924
51527 24384
65396 61106
41044 71048
4549 5376
70986 49271
9825 52899
30246 99445
54757 8246
80853 93017
46991 66469
69650 58165
52695 29547
8272 14175
36993 76821
6450 3230
33636 80368
33336 89184
69617 80588
55093 60691
57761 21881
85329 50403
548 13432
51039 33279
62911 4526
35665 89963
19424 26923
77310 41484
80785 38819
66413 25842
13696 21471
69255 98617
85680 69108
28691 89209
19285 3346
11493 23729
16348 64354
76097 31175
82691 60410
33739 43838
49701 35940
74149 64215
8077 50780
20664 90088
98557 43431
1212 9896
71069 24497
21286 11431
4471 23969
6667 85134
79362 85114
25044 37385
84734 7816
35093 80103
1976 49470
35286 54265
70126 84750
37306 72322
11344 4365
28752 75708
99893 94644
18426 18157
42110 26910
73476 60119
82955 87377
32850 60946
59955 36427
92663 89658
58351 32406
98600 32773
16579 89141
71493 23983
99027 41552
31251 59436
86856 4041
19409 11486
78194 93989
42914 77117
7712 63493
18142 40338
44432 84050
57917 9765
26737 18194
6555 86589
50559 61602
31104 47275
36879 26602
99836 91425
68093 51255
9185 63368
38381 29740
90363 34278
70465 96640
17963 21658
93931 51972
51981 62467
41909 88786
59341 73904
4472 58587
87018 43439
95335 34008
7091 23113
92605 1441
81294 69363
79678 28031
22524 28632
46696 73321
88123 95550
15676 21228
60390 80977
1928 10100
1475 86189
64357 74941
61707 56527
90114 77193
59604 74624
91020 965
82409 67740
50778 17238
91069 76626
81602 43667
61101 83584
49285 49982
64414 49814
4252 55924
87916 20459
6178 23730
72264 29627
65928 23245
69331 56990
37095 3485
56173 99990
69222 89935
14752 82741
47388 36312
30232 58531
1048 71575
18133 32170
51141 21417
85001 49411
82216 73110
65138 77964
39487 27195
24668 17588
78075 30160
71568 59323
77382 32482
57286 90454
41520 94068
46569 94235
31887 32610
464 19132
52009 54736
36437 79935
44765 87271
94307 16134
88199 4398
79313 20645
99632 92451
78248 34136
10543 98098
75881 4557
64138 64103
88947 89971
41348 6724
27649 42704
44341 83190
21621 2812
42721 12809
89305 96612
39866 55073
17978 69579
17614 21604
81089 28490
24432 34283
12207 13172
28839 45422
96264 96859
63753 22062
84449 5846
72955 77948
66058 89478
85024 85650
33783 53878
21221 71630
7305 58997
91967 45696
29364 36810
22014 18080
20233 95161
67650 83088
99138 1073
61820 81808
10032 72237
90553 8972
69420 85403
37754 68731
97341 34049
20410 66181
72162 26721
20275 90297
51129 84037
60890 94734
27922 49705
60043 35228
89980 48851
63211 25096
18592 65591
30774 95456
56272 82606
23931 2386
32523 77851
20340 65039
27709 21719
17825 93713
35161 27738
56113 42676
81596 31533
36087 31590
99881 4165
25458 66384
57989 94044
30835 72865
91979 69359
33895 74439
68465 53207
35128 58672
4628 13059
26807 28813
77809 60437
64754 33870
53344 24044
68862 70879
73717 21638
15009 48392
88449 54919
46653 57219
65373 64717
68123 12591
40269 7415
73928 27542
95067 6685
37895 26312
14071 97830
43492 22468
31288 10390
47731 88713
26209 90576
83308 44392
80375 98981
44491 97630
94901 27672
25242 561
40655 77728
81644 89077
30111 29848
7170 92443
57511 3078
63164 55127
28577 30754
99853 22134
79475 52067
39515 82972
70077 26040
82942 38406
97666 36134
84635 97255
67072 53329
91637 19097
50673 54114
5197 5636
25570 75509
11647 25948
73321 844
11839 7036
42249 89612
28737 78318
457 66548
48665 64790
61272 50
12525 84903
7275 12528
40926 68375
18126 83948
26333 27222
74489 15986
4834 6821
5292 93054
89077 60857
