710729 729663
890361 950436
575825 989654
180422 896676
881689 999806
636650 915438
227566 492535
676181 925750
854584 982204
6740 748911
238440 820441
463696 993878
894687 914341
299265 328379
786229 819831
743464 961185
656555 859476
630145 969605
231272 840582
374865 680710
857664 960219
433301 741054
830171 913365
443332 673119
598041 778292
499098 952105
881756 961871
917832 925400
234303 724141
142598 768510
387455 976034
490284 808866
284916 702891
108416 427907
842184 965420
642339 741957
206103 318367
515862 571725
303983 964201
321609 875165
676034 730096
697200 805117
399626 882355
958434 969891
442158 848584
195604 762842
108695 213352
177271 553787
480747 979247
336178 786690
695495 973076
597411 798939
440377 521781
345833 473475
47100 917753
115676 258188
474993 573911
761645 872109
276945 631222
62948 523630
796715 944682
771300 880998
994735 999332
217076 311672
420411 840200
27983 209627
225538 989996
591999 785317
434964 482703
128596 148534
260155 296408
742325 912895
5036 603786
542554 678807
628487 879727
374289 444328
903801 926705
622262 727526
64867 537916
914976 995833
763961 842178
283059 867211
384764 766130
383286 812158
217195 650567
72625 365983
612887 758658
630513 669622
232798 870542
361613 700761
415615 645876
630985 899176
469059 800019
597874 606376
667079 831463
522079 696807
976646 990344
338706 410820
433202 711431
279145 337981
117219 192911
654737 961173
306452 752110
694202 717265
209502 632605
173637 673417
907404 988374
318496 973114
261602 998191
385525 414478
800816 985363
947812 955407
105794 180152
609059 823704
172824 574655
228970 935588
67044 790518
604561 865539
542776 685169
311919 552504
45686 681560
470826 693380
204593 822436
273169 393374
4398 433800
611969 803227
971287 992993
120498 165114
323833 364869
287968 405681
647285 721405
388196 661456
705752 987646
632498 932495
82041 122662
547520 754762
997064 998730
75226 813172
808993 942227
347137 869713
181045 708122
45039 434250
404356 673444
845638 957381
167431 704228
400553 707725
482320 961595
767743 820375
560725 764882
429311 904071
31596 104991
434421 902479
745466 763264
772651 848457
127077 703388
790924 936407
613297 843670
116562 487222
54777 719742
12534 449775
966390 969250
163770 875662
523087 991537
373196 834457
676672 681726
764722 926026
16390 486550
817247 948978
58701 693609
671164 806516
873010 959280
871533 894767
770471 969690
259716 399252
101133 951808
426131 737923
527538 995431
921533 943815
867256 892362
323516 374763
409449 575683
946967 992641
381331 518518
863501 958295
421943 474083
670837 808074
652464 692856
38028 791126
806048 972269
521269 959924
581687 940912
655155 883336
976948 989235
892021 972801
588890 683415
809582 947506
90312 138145
211456 769728
240498 502913
230888 731269
434223 776910
860850 988483
633894 772526
367595 599479
460040 530022
877610 904153
840655 911960
88656 306139
70283 726175
722022 955524
443688 489149
755796 882233
580522 813584
163132 705676
336614 483656
42574 815745
690647 973767
923768 979505
596671 975663
328320 784937
349223 481678
628432 869120
982857 997565
95601 813841
643533 748006
311969 600478
641434 978074
265675 766459
978778 995583
636537 792914
779007 845557
220413 644184
877049 883706
591839 849962
313505 316741
839219 908675
191028 534602
99755 395609
600903 669782
913244 974050
277884 561047
496925 681516
388295 682037
532051 770842
33198 432853
976178 989306
100228 827357
660195 866091
277555 734373
476424 486307
767368 927487
762649 827350
936131 980734
812826 957606
360758 548918
920724 986433
13169 345580
720882 813698
19334 397833
275899 601886
780449 917663
567447 583861
996818 999547
381046 687890
38176 790463
541441 596059
931770 996051
161352 545899
499380 539538
300457 827386
761536 957114
780159 941538
970962 989146
612487 734855
76110 574146
298423 422587
327464 637269
270444 448248
771591 807893
674996 864109
88101 122600
187063 428390
86001 211874
498250 905342
155380 216317
942377 971576
355350 658014
577363 853393
643196 876173
395940 621212
411819 906009
635459 881499
110918 244436
462600 561470
867010 914508
745585 838278
644523 897858
339644 719437
955085 997020
833395 886907
646507 702649
124943 635444
156523 226756
569070 993991
725621 893089
258979 354486
131306 340803
126587 659568
883858 904664
443096 485429
637140 933485
992851 993756
684961 720981
779524 996315
85545 915098
759907 954382
685530 757247
854546 943746
520239 821417
868381 963906
602149 995947
28776 616168
966991 972670
336692 850869
493243 637675
380381 523975
784791 950850
369718 513117
26848 291096
4085 7767
69918 284759
402125 725797
381105 454192
289832 315199
355664 529415
515491 572321
82527 591620
559180 761339
698409 836198
18085 821620
741104 877484
536664 670034
568244 976232
471649 533656
861060 892429
529496 943811
236651 597176
88542 148535
170147 180142
605338 686893
214135 505871
357890 594676
249261 595197
519906 771704
701951 926629
460345 831275
814771 935288
910661 974231
58453 936785
618420 799885
463005 649727
357712 469977
531194 917701
712311 804383
637934 689209
248908 785937
26117 298618
438665 682515
5700 634392
948680 987520
96709 793891
530547 587442
648085 718245
753559 989622
776381 932911
253659 825565
745618 904827
328360 418706
742953 923041
874117 879553
482913 813115
792835 873077
363410 977029
16874 858350
457157 694463
943105 982253
349135 778739
784131 837373
622205 944292
531987 732479
120683 487902
569760 717318
126255 259460
654644 865327
686224 891667
252702 720192
286334 832140
235825 703670
306681 847212
85115 255253
288 750762
726420 944287
917956 948292
548971 743705
206101 521684
897981 932555
655252 928157
334600 349465
69526 460868
497774 508841
998296 999514
107500 560451
401061 909993
615733 884533
754044 981132
525269 812447
965552 983849
805743 968680
594026 860135
378972 669592
412603 627954
518077 702171
902518 916910
487446 538972
93925 416371
820058 913670
390334 858393
791078 922940
37854 194263
307874 518305
893564 973382
564349 627216
651276 780530
861057 967690
569995 855099
240780 562661
115751 185539
598352 786978
90311 517793
861237 906493
884059 904396
93839 701613
690104 880049
421260 939938
771317 853773
143100 178541
427400 639221
804776 853961
780383 816221
779336 920769
598960 754491
378449 401504
113375 996556
243811 582272
840076 872098
833171 969198
228361 598577
559872 582295
142056 835919
135152 701648
689596 800132
331420 518868
363000 901457
716333 872180
372545 556054
908442 967508
837767 861305
508552 937509
48975 482975
991955 996576
904748 946541
452806 618249
939873 985915
17012 823788
508971 533643
26557 469862
792957 955520
814123 834084
992927 998509
950283 959168
490544 717579
321709 373245
228319 252711
389766 758902
394734 439433
356818 596844
797100 939016
584097 609464
114175 630598
51043 969131
583202 811985
149681 631006
645311 846764
981845 990179
334650 967760
5435 371553
289735 608049
34346 971129
204587 721762
128092 172211
542685 699305
8589 852477
617386 786039
288171 745639
217496 856494
861673 867430
407984 579519
78769 901136
641776 877904
581515 589910
872459 930720
346497 591779
909504 910614
117664 785990
572231 658468
243016 980085
53882 749719
794095 796513
276894 430865
353141 799263
321610 440363
345555 861458
795133 896298
175776 756935
773662 801777
715944 837890
138905 797225
167742 682325
865768 994876
385267 429695
19056 538680
478316 741811
254007 848246
680069 850706
546478 843809
656977 814349
781428 916544
396671 623130
883040 889575
917598 989455
411177 579539
771351 968022
355186 903247
299786 396679
149504 324762
303742 405466
937531 977960
326737 652001
390949 402932
802799 884704
126375 709565
471145 839795
699903 830998
270053 781829
912405 947170
588213 769416
363904 986779
585519 849046
947615 975517
958730 982278
817467 853815
66823 69589
700612 701882
301774 946548
580391 813349
352610 400413
607057 698782
696298 853888
794762 891416
272501 672154
953074 954897
686775 692190
164581 177742
623215 777373
475472 563582
407703 782866
294212 524654
964802 997055
411596 650003
322672 941627
152150 788068
94432 904050
946688 980555
698510 856294
559330 742195
493049 808714
563286 750982
318379 622313
427058 854203
885692 970185
358607 965918
310824 793356
790681 847077
735281 739033
960368 996784
21507 643918
130186 875808
580257 779831
653032 742722
642294 762864
849463 900150
734849 751562
589156 829142
18132 731558
142584 488627
764338 964332
718787 755654
849950 945524
286992 900871
433662 878243
688109 720472
152260 594498
48763 369909
783386 979829
933527 962113
914031 981563
137466 875809
79748 475439
32146 971002
525658 854566
206232 356361
84408 102747
764982 984715
258494 971754
927159 934362
178135 544282
376609 477545
388125 794556
348030 580873
910971 963570
262780 447699
609170 636618
276484 918809
305320 497406
206412 861166
721947 830399
140940 630460
544227 717450
512696 694494
341083 551633
489604 852277
588000 640628
565227 858682
166389 179537
800178 877084
117608 857839
704118 761378
780365 992858
759643 896267
331444 647747
963582 993703
744722 931531
637251 914400
49101 101081
43259 73958
502519 526054
152315 166593
408183 753657
558323 719668
17583 294599
323707 466709
70431 962909
433583 742433
405523 883519
320696 379028
583773 875228
486413 819352
832804 858482
787252 800052
892726 906626
799336 898950
96665 826618
351113 678141
515266 930192
361010 440993
85091 639246
878534 884889
859038 879495
459707 801292
323998 859290
810367 931858
66932 211768
675032 895888
159981 236358
262844 452537
257428 860468
486185 827060
22811 165161
665163 673211
609763 719764
555648 690399
19800 913345
169941 485839
76319 736906
710108 739228
955924 999766
262047 688228
98998 981002
848999 860487
299696 760790
98031 548944
717246 991523
306374 842146
170665 900144
920666 927946
157324 465126
390974 892510
827590 831965
378065 757777
472790 825671
735800 855146
707741 716575
780516 803377
511540 666339
457426 978226
812379 899350
252662 843640
820494 843209
557041 710109
273912 787741
87727 331349
971493 974117
577941 621130
442232 580289
600936 768827
534787 743607
768436 806958
878936 981977
628937 949070
996320 998160
232020 929394
687114 988379
946453 954476
631124 748325
745361 841713
583963 649254
359653 843447
750316 921968
298248 318812
162539 376810
321243 565347
154953 830775
897446 997430
973693 993340
139504 847079
33453 602292
138562 508527
968600 973336
658332 979047
512706 646105
467155 812086
331446 695340
185754 236326
13515 576943
303138 885785
683781 943783
698044 948509
748602 993053
861219 907664
547079 725215
392823 454419
542896 853569
608728 645087
636642 665304
622432 833783
651269 931061
980167 991716
303781 700994
156038 487204
675537 724836
264294 335320
88815 648591
464992 848881
762321 784574
991079 993253
808794 962365
455012 514361
348961 817431
771923 896009
542849 696361
341183 484515
226569 948848
80877 293296
789185 982124
947889 979302
531201 872204
127466 437255
951988 981142
983568 993398
865682 882041
255446 310259
275719 484225
400171 724942
49666 724474
501783 906686
342834 531331
820641 987856
232490 741809
594587 754811
810879 811497
382315 466344
901814 905917
499699 910403
688487 884797
107480 179495
476514 835017
715180 973469
325100 373109
558749 733012
908811 981624
293121 648441
694919 779284
870021 983823
403601 464569
658048 762938
891272 927514
962128 991834
503512 707552
145864 906442
799328 894903
666791 881148
500501 662928
659205 907809
679479 992728
908236 928146
236746 846800
395450 518985
532562 744077
761320 866181
22776 107601
377364 585051
59984 241926
835674 996751
211621 322854
327509 463879
451759 585224
58208 356330
305512 327351
464216 515889
171036 177262
813388 858021
54180 604179
178632 361248
476587 625029
917602 969821
243595 513810
33366 202273
8978 654368
486785 627246
898634 993056
77140 356624
31657 898465
125096 735058
632689 980436
382691 491660
503105 858627
248215 341571
495519 795423
777901 846258
344379 941356
227622 446465
217314 311509
532000 739507
987589 988143
682344 893238
414988 707747
317629 703328
664019 848305
95544 343814
216851 891113
62595 181755
417549 907976
429028 433155
574703 761909
894413 948710
95630 276867
10803 772376
930442 994597
603344 646172
177299 249820
293187 390846
861020 902793
706764 834157
531285 543983
854862 886336
64642 498191
345076 854876
209367 912874
580027 649653
827331 940543
781779 920227
253140 754494
194002 573970
949290 981228
590851 745695
455142 803693
423611 444792
38854 551096
681206 974585
61849 259391
414659 835199
90766 229161
733118 953664
705058 979259
928494 939037
729078 853326
518849 541789
391703 699478
128250 566378
812920 982492
354832 402504
835616 933950
689924 839466
937228 962397
868173 902086
317250 911730
59743 809620
948369 948699
854979 966641
691930 794242
433368 992420
845217 862210
906891 992629
261845 830831
672274 728817
996216 998142
984220 999258
516577 840320
589353 849554
508991 777933
50903 120407
510163 572502
660304 838093
560904 627573
302342 838283
187626 975474
303514 936173
927319 971156
795480 802630
251069 383681
621728 653372
483671 984998
633812 934278
570904 875520
360675 799543
984480 997851
532412 651822
348370 762581
786467 962978
47923 807692
276681 290635
626312 944510
472057 998078
562988 576237
557146 914051
141376 196703
291517 769197
506620 708503
282311 467665
325360 629113
319518 601991
317774 610895
329253 496251
675644 805702
2922 43227
766579 885374
745857 879354
610148 937351
199275 304326
228112 577984
557010 770280
421301 828278
479565 654400
477821 933836
905674 992098
580863 799782
592343 613834
216148 880710
488019 621352
877225 953050
722969 900682
569835 822746
126330 245516
236830 986192
470479 963872
85721 211505
310314 677926
174605 735924
281633 534368
167019 189889
576289 621879
761240 835857
911381 999423
914528 984052
324958 898707
679912 685767
747364 919557
522562 961753
5199 39524
490149 823397