1 99
9 3
99 3
1000000 999999
999999  999990
999999  999870
989260 989899
175721 175972
257017 257343
988541 988704
755325 755511
67357 67487
506366 507094
813337 814043
115169 115493
59878 60084
510897 511540
108838 109154
185183 185588
782688 783287
918820 919254
321166 321685
694977 695745
522837 523028
965959 966389
338480 338900
843155 843812
662437 662714
393745 394409
23545 24211
250177 250926
288287 288364
509111 509474
888491 889194
948892 949683
783717 784462
227826 228558
650137 650570
207829 208380
868812 869601
250429 250617
512905 513408
690336 690994
153912 153916
4437 4775
958736 959474
697042 697177
168420 168730
805623 806233
867769 868009
325955 326321
135128 135852
102404 102606
389022 389603
10605 10901
37424 37823
810943 811521
477452 477565
641802 642142
470811 471489
329261 329990
201955 202738
603993 604254
916473 916663
204915 205615
423444 423797
231705 232199
376124 376901
966876 967084
761408 761463
184267 185059
693799 693961
429488 430053
498847 499174
634676 634812
919346 919871
879933 880224
893718 894121
323064 323668
257379 257852
239186 239871
595519 595911
643008 643020
256213 256244
387582 387648
392581 392960
598292 599071
320724 321270
509557 509726
829636 830416
957345 957541
264895 265517
806603 807213
373325 373969
856948 857171
192933 193215
535926 536607
222239 222423
149149 149752
975208 975920
913679 913827
177487 177876
451693 452256
50588 50974
941617 942179
392544 392595
665143 665811
768840 768868
401016 401699
106507 106592
583026 583444
388227 388505
810499 810983
69208 69821
267220 267396
80440 80593
663603 663917
105891 105900
838552 838558
39714 40217
459113 459308
543159 543369
639513 639579
807504 807612
543627 544221
470677 471183
283380 283630
976897 977506
483390 483856
429486 430001
712713 713351
7913 8238
532237 532596
681252 681312
699130 699890
753034 753502
148576 148722
823597 824138
104139 104471
204219 204461
740774 741169
58799 59158
65344 65946
555940 556306
692715 693489
98213 98891
778561 778906
111903 112512
672289 672818
729368 729449
355704 356436
332344 332838
54171 54413
966469 966763
954928 955518
559438 559887
131885 131991
27709 28397
591224 591919
789551 789889
963885 963939
72416 73091
113790 114420
123007 123200
681973 682079
769857 769949
665300 665434
91185 91210
529054 529076
945189 945576
986734 987529
323403 324026
647781 648136
366115 366797
383169 383461
252454 252679
663593 663965
368740 368976
787397 788045
677740 678532
809322 809489
996900 997493
546484 547007
113144 113440
69419 69822
220015 220501
102696 103408
27641 27782
179473 179867
20036 20683
231968 232629
629486 630012
309794 309912
785045 785260
352539 353023
897130 897542
679814 680227
420324 421000
723578 723992
760497 760897
517353 517543
259367 259692
25666 25865
260601 260747
654742 654952
101893 102530
698424 698647
561962 562424
468765 469515
399511 400206
214818 214911
46302 46492
648365 649067
998599 999216
240396 240895
281473 282054
534874 535523
667379 667718
20896 21327
433713 434145
956440 956585
604458 604905
332812 333473
896222 896787
290269 291054
795725 796205
771168 771783
412619 413024
456738 457473
956815 957348
596301 596684
529098 529157
834242 834923
149333 150073
64486 64983
268548 268863
751770 752148
776919 777016
337090 337710
719246 719780
466471 467130
610140 610626
283159 283438
478869 479560
545418 545790
887329 887739
44832 45141
3763 4312
316486 316760
917618 918175
286104 286779
872342 872703
530112 530816
781519 782278
591804 591859
626879 627269
397182 397478
642184 642438
692717 692941
336288 336492
235112 235865
425249 425455
931403 932085
972477 972500
112074 112418
513390 513742
427290 427699
743884 744216
185807 185991
844343 844940
112320 112842
385268 385996
387399 387659
459509 460239
794404 795067
157297 157543
373313 373770
915027 915447
980464 981217
929293 929940
182673 183360
884781 885024
742800 742998
969096 969408
195339 195585
702515 702531
845105 845739
406577 406834
860965 860992
569895 570199
346914 347569
322571 322766
679321 679883
853146 853290
213653 214068
333672 334127
203872 204139
681171 681323
588638 589372
741648 742131
543127 543813
887879 888450
341906 342700
224859 225328
784093 784670
505825 505844
518890 519078
618066 618553
915699 916049
928059 928225
840285 840452
76658 76830
394042 394169
979971 980008
391368 391677
856168 856647
431128 431564
746071 746401
327817 328456
192693 192861
940883 941180
244392 244735
503839 504146
680683 681347
770035 770326
821978 822197
954156 954825
454893 455606
644004 644229
660450 661007
725651 726292
772051 772371
748081 748173
508358 508407
571161 571733
974339 974928
581225 581522
567552 567760
461383 461775
498040 498752
189918 190673
208219 208796
623270 623804
37215 37234
779841 780484
589684 589977
197793 197844
810004 810192
328167 328449
444409 444573
653670 653931
452265 452290
934150 934585
950317 950975
612549 612658
376383 376554
569303 570075
330434 330576
178126 178675
50923 51017
343606 344337
62492 62619
384407 385048
526130 526871
543773 544383
724692 724715
204852 205059
29932 30379
718732 719336
979602 980228
72700 73044
962596 963034
858755 858891
566706 567399
89546 89641
73525 73778
100678 100801
648608 649329
817209 817463
235374 235709
126648 126943
925627 926265
680871 681461
369391 369923
879424 879833
503061 503511
34962 35471
315209 315238
477158 477626
368688 369338
39453 39732
836866 836903
37334 37646
716162 716655
23723 23786
87342 87774
884987 885722
259409 259519
3075 3159
499862 499938
131941 132545
731704 731792
305418 306201
848756 849512
550595 550687
385248 385377
798283 798508
320085 320222
534985 535631
329927 330032
587890 587977
510965 511406
666347 666887
256380 256758
92811 93506
177158 177281
747807 747865
45632 46055
767272 767946
322473 322615
195231 196019
576901 576948
892856 893450
981842 982225
800900 801085
26323 27019
485424 486027
23719 24392
26283 27007
741886 742292
925157 925840
197346 197526
762003 762426
745552 746291
614320 615003
695946 696554
871389 872012
309509 310219
858984 859109
477181 477366
663402 663855
812649 812919
241675 242120
562633 563299
515232 515545
294172 294546
251604 252087
980302 980794
761605 761916
154830 154894
890597 890850
232765 232923
207170 207205
419714 420030
113375 113557
275131 275878
277216 277566
184174 184366
548837 549593
623614 623735
713998 714222
191609 191975
637053 637328
903054 903556
748792 749205
615804 616335
832621 832729
879205 879424
512049 512340
685985 686629
380993 381715
615855 616602
931882 932290
980230 980550
514819 514932
512874 513500
423064 423573
820475 821102
979714 980178
85223 85358
781457 782240
854079 854829
891019 891672
77926 78418
126190 126320
255558 256344
569746 569751
942365 942823
412139 412689
894549 895065
983850 984565
793330 793898
271618 272166
805796 806171
138472 138549
145340 145391
853747 854387
865466 866209
756803 756823
57957 58153
271135 271893
877077 877263
401878 401912
269930 270281
640391 640837
181183 181566
262204 262543
56344 56888
239633 240378
780953 781481
436851 437393
807121 807294
9027 9702
319027 319428
693817 693996
575525 576222
761478 761687
895889 896257
443570 443663
828793 829397
472643 473077
224551 225068
723071 723486
673603 673664
796905 797097
669661 670286
480647 481343
470218 470612
830660 831153
911500 911596
31953 32146
701802 702246
572263 572719
63679 64231
350856 351155
44846 45316
603747 604314
523923 524541
446517 446583
103412 103704
175437 175818
637590 637860
669000 669047
813132 813290
205691 206478
863018 863090
401520 401951
702361 702525
895591 895894
279523 279770
898813 898876
218189 218542
778250 778796
515781 516167
501668 501877
544752 545145
441793 441876
131622 132257
190298 190319
12026 12630
63692 63795
110641 111023
726680 727371
131668 132343
63337 63715
376769 376913
793685 793698
702171 702187
350685 350690
43553 43746
870127 870862
757500 757660
725035 725059
603794 603806
107778 108514
734936 735697
970170 970872
468005 468569
130414 130830
406753 407375
733202 733519
236636 236835
701652 702430
4603 4819
129215 129876
826157 826633
832601 832890
843740 844472
807244 807818
109790 110516
379170 379814
178219 178548
722185 722325
510633 510793
28726 29249
846276 847036
150918 151122
915961 916393
264991 265224
576305 576701
183669 183963
796587 797105
768488 768626
171410 171588
314059 314245
397102 397113
516831 517363
92278 92853
763486 763907
775939 776600
132532 133115
360735 361237
75880 75971
157980 158427
899896 900439
930882 931523
326786 327182
648416 648467
49439 49869
873988 874777
634761 635274
871749 871750
988510 989282
615005 615725
224797 225338
518517 518780
618156 618453
180952 181268
594332 595002
62185 62353
424772 425315
256017 256156
759499 759558
427504 427591
921154 921700
698549 698703
646829 647378
58664 59027
77185 77962
323589 324309
593417 593936
189827 190477
436835 436935
277362 277936
981991 982383
363108 363364
231656 231845
535810 536224
205619 206393
353055 353733
79860 80653
16969 17758
789624 790035
333531 333880
677197 677731
280880 281346
179142 179327
48435 48901
357851 358183
814386 815105
441421 442044
885616 886058
103494 103668
789977 789990
175679 176450
661648 662244
458747 458787
777413 777598
724657 724808
727714 728174
746855 746855
904836 905295
223737 224351
294983 295418
978713 979471
75322 75549
329425 329782
367410 367836
100 489
408795 408808
161554 162166
309000 309758
889850 890044
40651 41094
551834 551878
652705 652715
676689 677387
22725 23028
228262 228263
568260 568678
67266 67863
232112 232640
421720 422327
85614 85874
841732 842139
194411 195036
132209 133008
472011 472169
777045 777808
263906 264561
202583 203111
660379 661032
745169 745321
171381 171718
882032 882415
545262 545664
640152 640342
780632 781216
85957 86519
650120 650564
894540 894915
131885 132475
969663 970021
116989 117727
51632 52408
120555 120564
811309 811651
524629 524956
284169 284440
50714 51488
424124 424497
277961 278400
12000 12452
241588 241908
80732 80940
791235 791625
146430 147192
238213 238397
418529 418927
770658 771447
338031 338155
114092 114312
830335 830416
977587 977825
109311 109649
46487 46617
244333 244450
679992 680317
369311 369403
499914 500277
67299 67633
320325 320540
675456 676179
935832 936538
731643 732294
344701 345320
996374 996386
530536 530564
351314 351977
160281 160750
492086 492524
508497 508809
858920 859676
534561 535025
893527 894287
424957 425595
571291 571739
682256 682609
223477 223947
741833 742186
86832 87265
580627 581388
184201 184532
541827 542626
372970 373252
316586 317179
976913 977503
266954 267303
957840 958102
428774 429298
432654 432957
919122 919583
612043 612644
282345 282531
559328 559832
445981 446310
477893 478329
941224 941465
178508 178553
481154 481721
441034 441338
599468 600160
923798 923972
548328 548652
627754 628073
632332 632666
519047 519097
464395 464694
998997 999108
206899 207496
430087 430387
795446 795491
736477 736965
720640 720841
542691 543050
70407 70975
69591 70210
759137 759924
145480 145491
700015 700274
231385 231980
110294 110655
529413 529788
880238 880923
328189 328914
112916 113210
131469 132147
124762 124860
904540 904541
590654 591122
129106 129375
7384 7664
923668 924180
687533 688112
427914 428290
313665 314060
277250 278039
847017 847769
793934 794336
581759 582182
206856 207078
905230 905295
628245 629040
435372 435976
279687 279961
983720 984142
134013 134478
707161 707842
169253 169736
86454 86797
353698 353932
369636 370359
333993 334084
938154 938595
236644 236762
468384 468556
976857 977433
813350 813729
132229 132964
633649 634143
613026 613587
115040 115731
406632 407121
797069 797388
804688 804952
175006 175297
16659 16999
990939 991400
152177 152232
987419 987923
995821 996260
280343 280904
903957 904194
21216 21958
15424 15652
652684 653305
620944 621152
20427 20634
980151 980192
789527 790311
357686 358265
915370 915845
444289 444619
982987 983225
206302 206877
240544 241247
738956 739190
606279 606769
27488 28282
897887 898583
157066 157675
275329 276110
615318 615995
430604 430810
275183 275315
888894 889227
545502 545605
901470 901745
688016 688081
210966 211039
259669 260314
261727 262114
372068 372710
369716 370014
684317 685113
215496 215500
876199 876910
486836 487381
243191 243385
706409 706510
117874 118304
963523 964240
311753 312051
541662 542334
642596 643153
156866 157366
955610 956024
939162 939859
660699 661102
935779 936457
514992 515029
137536 137790
248219 248807
730794 731496
973272 973684
962212 962539
841765 841953
692172 692462
645790 646076
909934 910627
534144 534560
304690 305138
216080 216494
21238 21290
211316 211718
512951 513512
723294 723432
593864 594594
35434 35917
242245 242813
474813 475588
649698 650121
597356 598029
34940 35453
336543 337240
489425 489782
517706 518234
526155 526575
66715 67156
578359 578399
395123 395461
794676 794709
619915 620330
246247 246708
195000 195417
730924 731470
330408 330431
371782 372065
529772 530301
892791 893301
541392 541597
10636 10834
767493 768086
75888 76354
290688 290915
418721 418794
626044 626820
56927 57319
19450 20241
620160 620841
393129 393666
354912 355377
66720 67424
533302 534093
798919 799464
722402 722702
492374 492965
140835 141294
459573 460011
588709 589124
89891 89971
15223 15394
753875 754266
321242 321556
723312 723576
638678 639258
118753 119521
989703 990368
319463 320157
599860 600385
829923 830216
877568 877920
988116 988872
491641 492386
447678 448049
690414 690604
173063 173499
770590 771233
648284 648896
770891 771575
274448 274453
926382 926975
777380 778061
26212 26865
279841 280398
828069 828119
37474 38001
347317 347907
848751 848925
688500 688934
849701 849922
418032 418228
455153 455188
29114 29405
482043 482125
424310 424872
770143 770304
904396 904496
186358 186430
257339 257757
714227 714379
389261 389896
158474 159039
223782 223919
750859 751645
714806 714898
298828 299027
236142 236627
602756 603092
1711 2192
797012 797273
81341 81821
345280 345586
50899 51268
883003 883501
93841 93949
251041 251662
556496 557227
267837 268456
358325 359035
821739 821758
771140 771901
127448 128029
682060 682144
563205 563894
635808 636240
895339 895677
86342 86767
742968 743234
569960 570484
594167 594289
666697 667463
35630 36108
708977 709687
412033 412677
128649 128801
602675 603162
987618 987649
20845 20857
198191 198261
348631 348943
809043 809047
574436 574736
609653 609687
928842 929160
424848 425401
530510 530787
50343 50484
871038 871743
774581 775077
502648 503372
619875 620183
201705 201834
27763 27764
166287 166527
978297 978728
6527 7161
874922 875195
420099 420842
728492 728842
609723 610333
566413 566570
259748 260474
187791 188379
94551 95295
298784 299533
239784 240280
909576 910070
194190 194307
382172 382191
521570 521573
634928 635186
640833 641005
309770 310421
838060 838820
807537 807715
989999 990489
121859 122462
991070 991120
328070 328470
766394 766786
954102 954120
508563 509022
559933 560247
308808 308926
330369 330379
741483 742214
655672 656269
841408 841440
926326 927069
424995 425398
914247 914489
211432 211602
1272 1839
231678 232057
370799 371196
1677 2178
86427 86988
185887 186329
225670 225777
467483 468148
803942 804574
236364 236728
665523 666156
129152 129323
801172 801611
493100 493527
99698 99812
470317 471107
850382 851059
256201 256945
106542 107013
778452 778967
864242 864658
821199 821695
445445 446106
220074 220253
322767 323138
496330 496467
124711 124812
822150 822919
920934 921687
144171 144287
331351 332028
201664 201794
22602 23107
968868 968910
994280 994921
514994 515032
520256 520530
153830 154023
780352 780494
923674 924080
602783 603501
741002 741776
212087 212354
336758 336779
10577 10681
74117 74503
300121 300281
111909 112615
492240 492631
958961 959560
806975 807167
328460 328862
349641 349892
859338 859340
321274 321410
712110 712613
672636 673017
628046 628646
702760 702791
83123 83216
427609 428137
127420 128038
670940 671666
927521 927594
989187 989479
153333 153784
24953 24992
446213 446815
607281 607552
168894 169156
136055 136783
827243 827733
54120 54748
486875 487053
900445 901011
205345 206029
255009 255295
616117 616725
379588 380096
161848 161861
696777 696812
46613 46902
98170 98213
108482 108598
2459 2846
712870 713480
91132 91501
510741 510744
819111 819726
835446 835871
124282 124798
736261 736762
674767 675027
153397 153420
624182 624540
394061 394189
534724 535484
968243 968952
248804 248804
407239 407417
234284 234709
426886 427407
422763 422963
290126 290884
754783 755434
673 817
34083 34560
557187 557649
103557 104253
857854 858465
75701 75900
391333 392092
223289 223824
97589 98009
176669 177399
249591 249761
760136 760543
278754 278929
71787 72540
414013 414580
393298 393988
14754 15037
559965 560369
398270 398663
48008 48628
283221 283821
765733 766169
319971 320201
940364 940576
910365 910734
839081 839477
20470 20900
603251 603955
862077 862662
158621 159324
63620 63741
120517 120727
825947 826458
44426 45064
443355 443862
907515 907985
710751 711274
835883 836396
9676 9678
544288 544995
391537 392209
390314 390964
398313 398620
573137 573545
838589 838823
52231 52398
939207 939225
781564 782202
5554 5633
761329 761792
164861 165494
894500 894637
779614 779950
931914 932651
503363 504160
993338 994131
871987 872697
388774 389520
252852 252865
752613 752952
1413 1964
750508 751145
616555 616959
766299 767077
129770 129802
488947 489069
584009 584062
686565 686591
250232 250866
862854 862959
673549 674009
555230 555590
240201 240576
327072 327422
499290 499722
583892 584377
798809 799532
261104 261220
67508 68233
761221 761679
283878 284107
856822 857610
331682 332166
234979 235358
343183 343564
318531 318960
294669 294927
369424 369942
346742 347483
867196 867319
445887 446319
404290 404740
317277 317631
508376 509113
544869 545452
811712 812402
830828 831518
311709 312077
941229 941958
463586 464356
788073 788375
640422 640998
210440 210877
419828 420474
635453 636131
597439 597651
270696 270761
615059 615762
476214 476479
621190 621374
469795 469986
242510 242629
513631 514043
499148 499824
179629 180215
557413 558118
847272 847720
658930 659593
152161 152921
882541 882569
320996 321746
870828 871434
236473 236560
677066 677305
94822 95105
559840 560588
44753 44962
271187 271487
218402 218520
28807 29097
154983 155313
126674 126720
467954 468409
578379 578673
834269 834619
254017 254269
405486 406078
964871 965172
182229 182683
142093 142259
204658 204831
912970 913660
467283 468036
111445 111865
40347 40464
77779 77937
494847 495084
536523 537159
773578 773602
319094 319222
515424 515997
664850 665389
64863 64895
165877 166345
185537 185986
119518 119958
587806 588464
855399 855525
704559 704898
938166 938219
666445 666585
983795 983872
102840 103198
774677 775092
138483 139257
535573 536047
442189 442356
169796 170223
244378 245069
121464 121472
517312 517950
174881 175226
567886 568333
645178 645853
47750 48177
968284 968367
29404 29611
45772 46511
161110 161376
27572 27840
142323 142969
871470 871638
152904 153369
232061 232223
436805 437025
940246 940691
115287 115622
51292 51577
267462 267884
891690 892480
804062 804427
386760 387384
867020 867679
140545 140789
144606 145260
196075 196544
143277 143480
875621 876002
649910 650374
980159 980306
671363 671539
384531 384665
578089 578546
241041 241770
77963 78121
195000 195683
217947 218087
183137 183266
172544 172908
141397 141512
858516 858872
567519 567887
341252 341293
791900 792010
850299 851089
449967 450561
276472 276602
956721 956969
511643 511803
979174 979366
595999 596695
705194 705887
891201 891615
59882 60101
541662 541802
743087 743139
487515 488092
593652 594052
206302 206963
186905 187048
297274 297970
817073 817188
666216 666222
718326 718333
940560 940793
868573 868963
802279 802610
888995 889356
643090 643751
25414 25815
427913 428530
112336 112381
72279 73072
602222 602390
664030 664257
42560 43219
754583 754912
598633 599092
92439 92808
995461 996139
681197 681379
342938 343577
876488 876528
603815 604226
681557 682332
262586 262609
66597 66908
902910 903534
217293 217645
261905 262432
804744 805133
921075 921090
57719 58038
652122 652870
23497 24031
408867 409101
232917 233104
358787 359586
69348 69737
561307 561785
584460 584946
902922 903435
716662 716671
740380 741006
592097 592651
164672 165110
348000 348369
958616 958862
647582 647947
546089 546101
476002 476364
403763 403897
754669 755451
523642 524372
7008 7701
154658 154985
37275 37538
654777 654972
789120 789331
660175 660821
873718 874049
537921 538515
657770 658501
141202 141872
962415 962902
516314 516376
790214 790822
477433 477737
20185 20251
461892 462601
663553 663566
606432 607081
137511 137669
926765 927262
469255 469361
373497 373594
312977 313223
497174 497774
694570 694688
427557 427805
513007 513647
209905 210022
770361 770437
143577 144051
429852 430087
992453 993015
548745 548745
515034 515476
870068 870483
45224 45608
648496 648689
758336 758647
289557 290070
641635 642110
916708 916954
539414 540113
212257 212462
610706 611482
822591 822882
571351 571503
185178 185462
971233 971640
757950 758369
342899 343422
365605 366339
930479 930866
718653 719081
330471 330818
337223 337381
149998 150716
120092 120428
790408 790529
791466 791565
333504 334280
98876 98900
550040 550775
779736 779746
736955 737698
74914 75243
445199 445250
915358 915597
482886 482932
900755 901331
532275 532822
140363 140942
652473 652864
835702 836077
396223 396390
279982 280130
328480 328554
820757 821141
167135 167682
590138 590500
801048 801774
495355 495745
685298 685878
158180 158889
624112 624229
250838 250887
238439 238471
980835 981061
591241 591299
265526 266230
217984 218617
750575 750916
941014 941241
226380 226650
968177 968553
5379 5905
582268 582356
633035 633562
194464 194931
638811 638833
49011 49343
545066 545787
63655 63728
602326 602662
151074 151323
361664 362046
390989 391727
545076 545614
372294 372876
875590 875708
464785 465570
867704 868451
754603 755309
921464 921935
889502 890257
947270 947898
232625 233080
890932 891530
259639 259655
672326 672583
299560 300098
851992 852125
591948 592675
558879 559350
716211 716858
584711 584756
907202 907429
638204 638321
35369 35695
507077 507832
143440 144010
811946 812415
547086 547273
621878 622154
465628 465893
900151 900736
377022 377549
620642 620972
563169 563628
798868 799604
972483 973245
125876 126330
196747 197228
685172 685460
409817 410259
769269 769354
827320 827921
966250 966325
639248 639818
70133 70355
606040 606050
944398 944778
990089 990199
5603 5891
307726 307905
226904 227137
663736 664363
548047 548389
90445 91086
882851 882915
395040 395505
471758 472034
295164 295779
403307 403990
505306 505972
660246 660862
456210 456247
763983 764061
286189 286423
490013 490521
729401 730012
850479 851028
405782 405788
682685 683181
715150 715810
136494 137015
909954 910721
786355 786357
939679 940117
973072 973530
35407 35837
288923 289250
167467 168249
562173 562960
700462 701157
284501 284582
743141 743827
95900 96390
685763 686315
40419 40523
398481 398818
234296 234343
807363 808123
543176 543387
893189 893888
374686 375256
454900 455550
985097 985303
429417 429540
781948 782714
699344 699673
698511 699298
29143 29856
651171 651918
606113 606669
705347 705974
794043 794213
404710 404875
624646 625175
136177 136748
304115 304764
702744 702823
645261 645712
895173 895383
30543 31277
695153 695510
805558 806347
221264 221831
458705 458809
785610 785733
628758 628763
225859 226344
727726 728290
414523 414652
774640 775212
57617 58272
936075 936320
768419 768962
936125 936712
734705 734935
628865 629100
40576 40666
772709 773266
188058 188618
361913 362520
313522 314209
882628 882958
113861 114549
537136 537362
352476 352817
149349 149396
499950 500177
982932 983527
601283 601728
995689 995713
154771 155089
115940 116123
239980 240063
515937 516552
950962 951269
471731 472180
69345 69436
676655 676667
705103 705465
330948 331725
787277 787683
793673 794278
800523 800629
380655 380997
93595 94264
384022 384562
190509 190780
418235 418513
887354 888092
531310 531492
221309 221840
914369 914595
10363 10575
555453 555613
58243 58282
357135 357516
189617 189961
971488 971738
502092 502628
711554 711893
456879 457537
26373 27058
214661 214737
82858 83110
812109 812265
91119 91677
946493 946593
853193 853409
229379 229487
1040 1258
10407 10497
865588 865861
301452 301660
94093 94471
894773 894871
459600 460014
414468 414806
917629 918075
988318 989032
68533 68657
786314 786783
141801 142156
142456 142579
808718 808931
204318 204821
847629 848220
254205 254516
894199 894321
445187 445971
658197 658630
991594 991781
424573 424711
562910 562957
561345 561413
391035 391831
969793 970380
250452 251029
544384 544586
250064 250075
810517 810626
334191 334618
737912 738442
803371 803742
748988 749672
501274 501991
845180 845840
138415 138534
490510 490938
343296 343870
440916 441509
56354 57112
614545 615054
258480 258532
454936 455661
72363 73108
834560 834966
149371 150166
316085 316140
37684 38037
207240 207363
458740 458862
928486 929243
879880 879987
948421 948765
529390 529890
31291 31989
517110 517251
907689 908462
426369 426883
432597 433071
9195 9427
272917 272951
183046 183681
447335 447577
370236 370769
8990 9240
858421 858722
515062 515808
271289 271811
387208 387337
932621 932720
32218 32270
13786 14574
45070 45798
537324 538027
272474 272902
688726 689010
79544 80029
314130 314736
372275 372810
891846 891946
273570 274239
154659 155164
241553 241975
228454 228975
340091 340599
641313 641313
729140 729510
827540 828308
952835 953004
928597 928883
782412 782923
705487 706025
372363 372512
990054 990624
688029 688696
417528 418074
814648 815282
212063 212720
878204 878777
328276 329071
473953 474046
658989 659692
627951 628183
900007 900171
754796 755097
525535 525588
893967 894038
917689 918126
275668 275864
500260 500645
487753 487769
717589 717686
378725 379400
306415 306586
674424 674427
60997 61209
564286 564757
489814 490409
149229 149847
332759 332908
401837 402245
884558 885060
685575 686207
293242 293404
243286 243868
140624 141208
483738 484070
963137 963481
952492 952760
868375 869040
554892 555129
707390 707655
195254 196021
714207 714449
833267 833951
806568 806733
948907 948969
250343 250909
175704 175903
298389 299113
424021 424518
41935 42290
724726 725304
755520 755960
828881 829180
524475 524619
502746 503399
680419 680657
46509 47254
916493 916604
18276 18791
677629 678280
618601 619099
646414 646680
1317 1803
429358 429902
493622 494188
455109 455756
284959 285445
147478 147917
750617 750763
461789 462498
840839 841344
311065 311758
920168 920880
995779 996160
795494 795623
979196 979956
89035 89812
592486 592906
878963 879070
85384 85441
540060 540232
334293 334586
945946 946310
254630 255407
750695 750716
730116 730702
477399 477851
68546 69014
733354 733915
248006 248440
60411 60791
917160 917642
762518 763020
810099 810380
360870 361455
404777 405340
605547 605616
753124 753144
844522 844850
700950 701718
341375 341609
449490 449894
237550 238128
28259 28354
662839 663151
597498 598266
615816 616559
852709 853378
875852 876474
175387 175448
536833 537205
421876 422199
688360 688766
637909 638460
933653 933860
794857 795132
969766 970408
135019 135778
800272 800407
594945 595178
59604 60292
635362 635870
416881 417415
992023 992467
179 344
693407 693603
680138 680523
384301 384521
9941 10152
519372 519614
583101 583825
566979 567094
207134 207634
759892 760538
680096 680871
664574 665092
94756 95442
193250 194044
624090 624696
162946 163509
135279 135357
878949 879654
403491 403845
217528 217802
520728 521095
802575 803223
606183 606705
151881 152223
630989 631071
315312 316103
226179 226810
226879 227210
