855590 899261
615632 792486
424342 650068
593742 117606
744347 648272
63502 717388
276272 606045
960693 447958
586809 891293
254987 80158
945910 160514
861168 563091
270740 417244
774758 896448
139016 780115
978315 229093
675049 340762
311208 508770
531862 48193
87171 76982
330801 939578
24166 658241
962802 359718
928565 908040
742056 608763
790356 411378
676704 471738
119616 576125
999500 420818
191693 808701
957197 51141
344352 601215
784631 453656
273773 940027
555022 280409
674531 420632
142415 248778
136924 822216
935394 216325
241812 106236
682119 849456
195923 531565
302092 117455
825141 546519
127764 765946
853861 929402
360295 27584
959095 672575
798189 999354
377853 257709
808360 704880
415518 225894
265089 295051
18489 47516
221612 668033
556539 425510
642769 276181
72790 211075
933829 256359
686797 101672
98577 698916
449331 376827
15609 651058
523680 96461
141223 902895
879913 778870
561177 505639
953421 100558
380483 460925
648887 193616
173615 232711
533126 456694
235704 42868
392575 669773
359001 86911
642269 365660
244378 619487
825758 49815
521151 279377
296102 804880
312619 614177
926683 636431
623027 47584
152061 103278
272655 394271
875272 295279
889618 415632
927102 932349
232405 382144
383031 57038
606380 846816
474445 463124
949440 487528
703312 112714
217035 271179
41111 503810
918712 584640
482009 962281
789327 235273
409585 41231
440761 906171
443261 649245
783514 142543
176904 466294
223766 997297
516267 635023
618659 589376
445156 230724
369805 200724
226911 916214
244371 95946
122885 222064
645806 452746
347329 277151
46251 195752
258882 664368
304385 755898
495308 298187
722917 746231
218016 906361
513755 612722
709400 83585
334238 826851
653546 20620
156855 759450
99167 536506
969259 126452
403820 180539
301433 480127
335275 592713
305507 872567
7326 26611
101452 544882
422066 373430
90594 671058
171619 502392
994261 455948
304015 466520
718892 700037
951501 257512
553922 296378
778459 669745
258911 870224
648512 985073
112584 106914
499459 942716
950069 145743
117574 550969
663535 357839
936282 555775
271442 382599
61127 239079
936929 328233
862852 335610
688697 432207
875944 70700
721795 851151
385714 16176
535915 22356
286169 634403
265470 710443
909133 45859
341139 312048
634261 142434
137037 797165
389721 418118
705688 226968
884368 659992
888477 434287
363771 16167
79186 158596
197450 945877
642999 730907
115111 13919
261598 147517
345624 336759
772472 254364
594209 83680
361914 191202
233063 570501
239816 399356
727647 482778
75025 52471
81304 903296
337677 70653
893782 192074
790039 961523
103361 894454
454196 512329
745134 373325
500272 102758
694370 488777
739885 678280
748574 208470
260074 911343
88623 833821
631457 368675
990201 179436
290211 85841
421064 684143
458863 101871
720542 901447
381721 951534
863416 171096
269698 232925
411617 89458
218084 382135
569872 346241
59354 788320
702423 377772
736048 516914
222958 375804
828666 189331
452708 502287
98345 198925
271695 590861
953351 9506
64489 573484
110356 365432
870913 199233
255662 290564
414797 327408
155781 822504
74191 333307
59926 1382
613427 407350
848485 571016
193097 31502
55161 288280
276426 740202
960073 100852
793933 43982
136137 21569
738480 394232
754907 943410
347254 358401
410944 857606
989462 350416
839196 742633
287817 114085
285348 744702
22790 9324
22665 309319
168113 733169
294288 540994
683210 798698
861174 208581
179688 587518
316501 284060
424897 303919
878330 438080
126506 556051
985538 33130
422105 798010
244015 364577
264419 395880
832224 633732
102651 388373
172881 534749
638375 938334
841266 555120
844207 766764
348516 886664
646584 370712
684196 124989
638509 789227
921812 204188
626675 118810
477472 564145
801996 830849
966279 361123
946591 950205
563787 57583
479105 282607
253685 779157
595156 277909
771104 398475
890541 144675
858321 587892
23457 77340
807748 657197
670258 72908
690507 578611
683158 268419
255421 45463
237566 85666
783028 42674
541167 592975
902636 920796
864051 782447
683643 775176
124612 792343
827626 525724
378756 661027
314333 504393
853123 257279
419551 58668
438472 440885
497057 234831
86944 222430
990309 123149
662187 583754
511629 283373
471585 990730
725667 992478
216308 508577
398692 51415
784172 901978
60055 133722
414849 677755
871994 147334
369819 89149
644279 892074
744214 427997
770831 184022
923278 877073
504076 826905
267656 860636
305883 617431
513069 366811
943420 535987
561139 706432
70507 968563
214180 210774
542461 862786
186888 211256
616922 335756
105274 929102
271664 623801
562577 762219
36873 851933
658157 860920
427585 990677
517033 304517
348845 170632
525624 54390
183983 186663
635 875406
67138 277713
127712 518968
106092 797490
247428 379677
970865 536479
743643 303144
345216 660996
263250 132652
399139 136723
618172 57708
273692 38004
273838 905597
553655 876512
501053 315631
777054 443108
84069 926968
691175 606154
679 666178
115762 978564
731200 412498
225991 137856
589167 782592
924064 904503
993061 438141
722352 97944
895246 943723
858335 915312
610243 779822
349216 529627
395131 738886
509399 786282
697378 809702
149707 16639
64650 198051
313541 633783
446810 280549
558658 312663
751030 607921
515197 811584
807647 877334
805462 294689
823231 688886
385020 738919
201247 487032
137548 565914
486708 543897
248006 558002
518543 367282
29488 111759
705108 582232
323510 306110
207645 555096
727906 781915
757831 741513
982833 11633
644816 144797
98915 908445
952234 439595
581270 314544
24759 402744
989047 164715
685166 652788
547849 699417
497068 445170
896627 887682
71954 184051
109184 386457
80232 147570
708756 530074
490521 255969
696103 784140
283043 551820
566407 200800
265116 888555
417128 125435
831996 708270
990583 109635
978324 745549
665885 799131
624320 522717
900543 48265
584567 372250
98077 994647
533394 831307
712349 930499
943558 652242
975858 335382
522892 553656
825325 586282
669668 781015
895714 619327
603806 489335
539506 856576
878852 135030
702442 335166
669041 289533
899636 126637
225634 584255
326125 713139
976592 499085
988931 435213
372972 24844
922764 588042
842375 483342
282961 259818
314007 985174
71526 598692
571655 323741
113287 998418
32550 678023
125549 764353
524905 22437
423109 815243
668121 404469
988469 576932
933003 576039
45524 269902
116117 832519
587015 830971
441169 666825
583271 650417
509652 209732
699902 734165
291727 417518
900344 836293
229916 723819
211138 856794
376627 537141
898897 341267
289157 84058
68185 847771
825518 66715
886062 857543
646928 901117
725287 957574
635470 600199
964101 144498
487876 196001
213517 545040
981747 340664
713705 985844
528793 507879
582083 563057
82972 736237
392225 38640
274931 511383
253690 434896
373252 926651
408116 973104
773896 247123
702692 279857
730475 735185
444982 506416
230607 43073
657296 337604
322882 195173
781432 659607
283954 381689
697546 533719
154744 458604
169530 563234
222978 433242
452660 781344
475880 145285
107718 233096
733589 751291
829791 893385
131306 939079
905857 279155
307309 880303
613816 423034
695661 976466
199845 466460
562539 905059
931680 382949
725955 538698
745656 243583
81292 600533
282554 226775
609256 606953
186191 763284
360188 319142
509754 271789
605532 336926
405313 61752
318914 198855
44044 86654
239279 210212
197455 133751
668587 739842
223060 44363
121004 640346
772660 689036
722552 742661
727821 671558
334941 477540
919957 24844
781929 939820
72876 26368
20683 839109
469472 835951
710033 442877
626739 756126
814976 735540
453954 663872
248673 386007
645407 143244
953822 584359
883572 52399
859213 755228
365609 335176
40626 920931
318012 151755
222880 50790
217499 91357
459906 771150
409668 183125
225611 980333
474079 368389
971131 651430
943475 487648
494893 253391
99094 383098
711121 394039
384710 515503
919052 495695
604207 681087
926731 924629
691398 203339
452277 35661
581194 508528
660940 316686
324581 567008
809637 734112
435987 29294
202496 328292
74061 109232
721680 784583
502783 556877
334738 216072
218228 297939
573602 337142
324654 762545
110145 263204
201538 745374
928023 765113
538597 278020
542467 400246
803156 163988
785342 38502
105246 394227
536251 39047
479985 598123
745773 404611
436439 62287
649098 772827
378562 505001
79254 866614
78886 344339
352818 172549
533628 259724
817994 507083
132737 802816
481502 271305
851325 790676
974426 623294
909002 775447
52557 888042
157014 106863
302846 232406
4469 893958
502073 701243
482732 596822
374124 319004
454904 527178
36627 276040
506617 303867
223118 352286
792474 342437
883575 700142
488412 43996
968821 750136
266763 297320
784634 931299
176531 557839
311357 428338
64278 264971
828181 929241
707005 364264
443979 52886
741077 355439
776884 701779
812799 816468
59138 237
344529 588883
127483 101135
250222 933076
474785 333225
389979 72635
569786 353681
596997 757621
942034 232725
610517 823719
627402 991025
768686 582359
152856 233554
255221 359682
54590 965402
721012 507767
122671 514791
318941 632169
877058 33022
160920 949550
166805 554792
788050 366245
114841 510427
222758 827501
441732 971281
932626 173012
893194 317992
233400 23005
998121 170015
594892 670779
364546 13819
823080 273310
400780 123923
361602 855166
599035 773262
22469 883786
672447 560370
259889 203222
635243 353152
295790 554049
391318 61570
916179 666033
42267 23845
192658 527800
503020 367298
312612 764476
772283 281856
553627 223864
784267 224127
358321 835720
767423 697222
711649 90888
702296 433295
499694 903476
373192 659452
855049 976109
231294 87724
698745 733970
390113 433107
242320 673417
102995 935487
37527 463575
306369 796358
701505 753779
403038 965402
26398 723529
635596 161273
265145 400771
916025 41004
485334 369894
655837 652736
980259 818313
467733 704731
874005 71422
772566 401557
202570 566268
832171 110316
739218 461061
392456 888682
707676 992247
883901 428976
797143 39107
28376 963511
276980 655169
647171 956629
788561 759857
574599 80072
696900 156008
886109 139041
839529 790182
941993 95014
497409 449723
50043 992917
993471 342708
839771 983326
483000 158993
894869 181607
26217 550711
733622 797916
615044 238867
842158 418995
624370 96194
252048 433303
935681 711900
883979 459819
282395 801695
779087 519506
537153 869696
70659 830629
168534 136331
104946 834202
149062 970816
770013 7344
507981 604894
759390 660862
257813 469776
270913 218501
195152 922611
586279 285629
836629 313432
266554 369654
272801 462139
975817 910645
113834 852120
350341 935340
517919 408623
366250 250409
814861 544741
966567 518012
354666 660834
802498 838282
315244 199497
917120 783408
913765 505688
488502 822420
14146 290562
413895 973715
886576 582228
32057 972352
400463 145137
167166 934342
454489 381754
854431 881481
531618 836285
602275 215921
267834 348918
966000 485007
109869 708524
5667 815439
314370 240312
923166 855969
509355 125029
536910 61233
104693 814432
409893 161478
357275 499194
225483 122359
106089 471685
278680 945701
342985 455044
153792 180659
131814 495180
476813 154779
790147 568206
819275 134384
78522 486656
11323 727932
238962 80376
660296 496976
724719 336870
244942 69819
657364 162373
971845 568983
973683 222955
260236 775926
56756 919526
688796 375197
932854 126818
710375 312846
728827 875990
500064 373778
195793 406553
853599 254018
487932 37699
668472 949304
472648 878592
811607 689873
107252 854294
55326 247660
292857 2895
396417 394411
434588 605222
616757 312970
798638 319690
650898 828384
478352 789874
186392 799244
333694 992157
23038 432146
219035 11114
322130 207182
809184 570687
906473 751408
741348 25904
460274 19767
34950 796378
997833 669177
800755 970968
328535 502623
427197 385095
252280 182276
306212 309438
61470 557183
517208 487517
435470 302912
416705 739220
812992 898692
333351 187636
723311 347901
40892 700710
615495 292395
881343 332980
284703 331271
588758 448015
481948 288769
312460 981356
330577 937884
297290 481790
777179 886612
160877 994326
669594 649797
185120 878588
665030 674893
712707 800188
235964 62311
466255 84696
512792 707653
596713 420199
15112 487115
5814 453618
591193 867822
930409 495890
90891 521139
996702 885084
507829 590174
913566 12704
626064 244910
932091 914952
56485 306390
782270 266935
479653 105205
986281 684027
366486 686056
204637 483378
597944 126768
991785 217180
78657 185872
305411 513583
195238 390238
132391 172292
318159 682335
346087 641478
440094 268148
163554 681314
467636 700885
925560 360823
897574 28649
923798 420653
414403 313117
538826 379441
138850 423667
501811 823307
618649 460214
266462 726536
823885 532671
982529 42783
564245 939712
920971 720722
216617 726564
761264 195984
50559 902381
268904 558942
146501 345232
82405 123568
819209 308439
924308 501802
925793 34149
771552 856956
566310 909322
305423 955892
209844 312355
80374 633713
93986 511662
284475 527950
479650 689292
183920 285931
822455 210788
596814 198402
506747 353100
42463 63055
587809 680620
862236 279648
219040 669038
671988 282858
476428 986846
712888 360548
943055 989746
248710 903626
317849 527641
970126 171213
47418 340394
924226 424308
507286 189063
813254 933091
113205 24681
756093 193011
268905 617577
331595 250932
179587 306466
289533 979222
363106 549640
123418 216056
968613 780809
231447 876681
814025 587364
295747 727047
776049 712331
464329 563522
832786 998269
812790 169068
153737 76885
927822 968396
653435 421818
49174 164397
143301 731359
554929 568399
849257 498917
234318 179145
330052 229587
293349 239308
596443 364114
822734 308272
829994 395880
203915 126123
174448 276169
887389 252035
112958 491866
338375 240172
337617 173911
782930 922391
534924 18543
838527 772173
418886 770672
17031 754640
529729 38055
459559 970542
155884 615314
541621 199836
976216 746022
289663 612782
87689 746452
684859 391719
590903 889312
572542 998990
112655 247669
241773 275972
293902 751706
589681 87728
593993 768068
