791246 167670
126952 225932
639867 194609
156767 154680
518789 894706
630739 510331
848808 115115
856768 107461
219973 261533
601162 548503
411272 13453
179944 421283
796822 244060
382240 411900
837884 416245
896994 306087
171328 962624
36650 220773
655114 162412
740224 802764
465693 161706
510444 81018
388210 704514
646043 178591
971876 818714
307761 917173
954724 695274
755150 969990
765156 6843
546634 599870
828649 582985
638396 722674
123259 877068
651759 178364
665728 982796
460780 726303
802375 10922
484927 733917
304112 845551
592282 143433
441733 29595
136278 122126
544647 665938
295709 820074
738673 193065
281967 458668
526063 702096
170238 11341
527339 391893
940918 548866
87989 478269
102830 488642
291563 726560
610717 970898
506414 975898
781785 570311
183084 945282
766642 594748
928590 888364
244892 431383
863406 451400
212248 653708
247055 44526
392022 762951
911800 278023
57325 867301
750302 269527
653791 84723
266935 618106
789178 189994
146496 929087
175197 122041
601271 124779
445487 209261
959449 595105
50922 801840
867946 831077
11678 158761
279818 363221
801480 326917
390218 728263
506745 293449
744302 28269
123064 762553
486502 936736
185112 760783
162322 658179
596720 343881
230432 865171
313856 987625
399817 649434
365755 132272
195834 821507
344903 920383
342345 857026
673010 6663
801085 590240
500755 868278
985474 322753
197331 335425
55906 736672
773253 541547
238139 608374
423729 797350
356201 29387
192038 123340
974299 427198
665190 943052
719182 566171
504389 746584
163787 889791
916260 749432
292366 887395
812592 588348
895608 719545
303108 511372
895937 798005
714530 199139
975129 759573
49159 419065
612562 461953
410191 296163
761989 84761
981214 755013
104230 411668
593933 778647
591179 317430
986937 478166
658304 533814
270527 543818
930006 384744
792767 304674
206624 337868
928641 471909
138658 147968
360838 657273
946278 276988
588352 991893
887018 391820
514622 382952
834712 430374
84749 672306
495000 614442
181494 92423
610886 938111
261039 505510
305359 576027
687429 153715
312085 484817
541281 24233
426664 209409
987782 458064
908940 657702
901062 509323
369327 243484
448774 799815
713989 396656
832515 873647
934366 259902
251236 40587
275965 320848
862099 669289
144034 208700
562247 858176
875305 873000
182283 580512
378825 932283
885892 135171
195849 311576
829138 55859
407545 962928
316190 155280
223767 44970
31637 72743
191511 461444
395370 498338
279520 342430
434201 940113
497256 964981
391904 906100
162340 341311
4021 574839
332427 914238
313708 635958
776248 182170
477027 622715
99898 448903
130392 640023
201706 407443
670751 655460
366896 989796
204461 412420
419826 891420
334162 969228
903972 442465
345850 625361
641476 487079
900599 102955
862999 643133
931351 7333
167803 127648
491061 772398
249954 336652
32464 273457
516199 489069
919628 805854
627456 447942
21917 119264
37926 871457
319996 144388
961666 116283
608728 604340
434107 217473
1543 695355
338899 234387
844258 164897
907498 507031
138141 54699
772330 853951
956431 609824
476478 10119
718224 859949
931965 88757
491794 453665
82051 97179
724650 720858
223612 236553
460534 325797
895568 788729
129743 822995
499189 810424
923799 673215
572139 258370
21430 138324
879843 217894
320076 918828
985188 133487
949984 39169
533591 467511
519248 944942
951646 270473
625996 162832
410283 679710
814441 638713
556262 751620
18000 993685
993837 281094
319553 265417
271366 438587
461028 683039
906955 950667
457204 954550
515496 653428
568933 449807
550683 244883
110917 646149
60024 581159
845933 904075
117143 872193
179459 440763
770575 606878
536171 255730
105861 75886
360780 353765
118652 344484
116613 466908
527096 13522
115211 495225
665733 783488
623040 825950
222823 210698
147123 558825
772185 282384
68747 777725
884723 273676
126333 306051
971190 902059
661510 755785
700711 859641
678500 780684
349705 384865
314653 98452
910214 713034
184282 942313
179821 629024
705356 683915
591460 131876
139867 879994
925659 886270
520770 451808
61246 728240
870115 947295
641304 321233
225915 678831
716038 890187
317058 201147
560714 871294
795741 191146
684387 461341
688009 320536
345049 538096
88521 898837
868301 423063
812042 497053
824345 272798
806761 13673
293644 694519
394014 557334
409316 145502
44897 69887
805301 21104
403805 516982
645910 275950
996110 234049
804887 351263
280990 13392
995788 612261
512908 165878
210473 241331
491288 985092
901414 244288
795023 248170
278341 694320
243422 237614
187547 256283
483976 223170
688402 800002
939964 961785
643559 675442
529727 360565
635087 340503
194232 853832
459457 742396
755602 585262
396612 883861
983320 371273
203437 606047
920518 116738
923108 105080
977047 983336
224304 727516
300605 744899
441212 966055
493656 865854
238901 305823
202057 897209
770958 231248
248773 355091
377593 936308
608987 405957
419764 665646
95052 207938
816959 450555
727003 670052
203317 485130
345858 385410
160541 667711
33898 394438
991273 861186
706460 213792
654429 238302
614433 590155
843907 903550
415726 575967
937629 262309
162405 655226
565366 441562
387446 716102
159891 340289
944480 753872
187941 563595
77330 286443
417427 498129
929474 961268
767716 301184
982939 489453
513345 617978
47826 733394
930116 72654
877499 184883
729028 536438
405946 320914
569113 704085
973865 115243
789300 136229
523592 104173
170428 876916
848858 136710
165453 291207
898209 455252
886267 454742
639151 770009
648700 38858
468527 763721
74709 964007
805970 113219
651717 993926
593019 503174
15135 844294
682910 430817
957147 732820
219866 833426
191245 825638
208338 623855
566169 439600
953396 205811
869190 292174
751811 897509
239587 75290
506149 4532
773692 727264
915468 356250
547754 496529
845206 253851
258750 330377
442197 55862
537226 419694
515728 857427
482247 914922
289276 295372
205593 986070
527049 834124
526031 434784
654073 732131
886573 133776
860571 522564
195583 923941
423978 201771
391946 848787
292482 443056
721630 493141
25235 970686
824869 737787
652664 873974
968540 964897
955863 100570
848129 78311
558526 421373
350193 466929
929026 914798
202618 811917
418030 558629
91415 320243
599744 43842
37478 207703
764996 640862
194540 623358
933484 34853
951752 593285
100375 304532
6473 949621
487158 164019
930017 692531
325147 321293
750213 598368
263830 149378
968523 162654
93097 653704
776690 87
654736 695800
153698 370824
118881 512585
765053 338402
768363 454902
902870 697077
511541 916771
424636 566208
23697 65429
751333 134070
655359 22722
356985 975328
800822 134179
362122 375293
773141 571051
437498 851768
256611 958650
114118 828762
668028 561235
797006 797906
329230 942450
393658 271128
28128 744519
789522 933396
904328 443420
735655 874339
746070 635013
647982 368721
787024 234811
729766 159120
328355 846833
381742 908842
808159 983114
790270 194486
859833 101103
163300 371053
799464 39188
840021 507908
546535 728702
362242 589189
321986 538936
772955 639210
719557 57883
158197 305128
874065 282461
823606 18024
381908 967466
875956 674933
793649 131736
319185 681282
718309 366785
865428 534043
768232 423662
942139 67750
420080 21902
473479 756645
40205 662705
92839 222088
888767 908659
452402 879684
614697 468205
974690 7279
285325 857954
683369 733526
128115 216842
170338 419716
649314 701662
938429 579131
954669 85008
829416 977528
33204 512059
672767 187201
998082 744725
676138 154418
833739 385593
613426 613404
63763 376211
159803 40022
204801 62668
714574 993950
119890 78181
967554 397697
592788 908621
7120 974993
680180 571932
872980 790081
296992 115253
788718 512192
468534 602802
470759 633898
939654 671203
737384 110770
298980 43303
228940 833856
521324 888192
899666 911166
217840 18795
816271 111849
845254 19305
906708 468675
894682 391831
520503 295479
430043 281150
119860 539100
740458 61850
936892 600851
383179 480906
450192 677314
734053 688501
732489 987575
270025 119254
459360 66966
767174 757113
314567 714177
349724 250902
139528 112025
468680 530630
785474 670078
58868 445014
783701 675482
398904 474346
845739 990737
581499 209028
902963 462881
653698 518446
121193 358086
775838 543083
117688 777308
274295 55740
505962 191938
439632 407272
748955 853994
763611 609872
863669 827682
771684 481058
267482 773946
67745 61586
543587 383712
875433 827252
561525 348386
485609 521394
978417 514859
643842 953168
211720 106319
492132 142713
608152 396000
905284 279499
511486 476822
844200 648321
211916 891891
917355 746117
361943 397966
670625 716957
149705 49297
985894 978382
48014 53156
832485 563588
604941 372211
598785 978194
861107 749659
978300 795832
304140 545521
686685 341181
521862 222708
810129 543875
405289 491749
269447 261235
401715 448149
143458 349258
828510 76596
71530 307237
814888 35167
48535 358369
443534 668833
604818 660246
759940 763369
529978 7730
343100 685629
823627 907727
942909 338029
849673 986089
500421 13907
565037 436512
679504 977489
267050 795977
462640 674954
910214 176827
111985 31174
31843 65598
853112 311924
647615 648084
772477 46894
612880 509559
101754 336428
181336 825879
656312 898770
187414 158092
437543 426249
463814 646541
629596 883925
943796 165294
590894 327636
215720 54988
607049 419892
104643 704434
68674 811329
928948 507306
883523 916591
730097 431620
436943 60405
753777 333503
656439 8367
57476 11193
533153 946512
475973 74656
97424 508279
310681 187341
641919 452307
31928 246552
554330 111630
723709 764320
529640 599544
945030 752095
669755 317971
880136 820808
761215 614483
475994 656713
889559 143702
257904 780043
509597 843769
66908 317787
156907 580330
598161 478895
191264 804131
564774 426442
540453 475853
355717 678508
538824 621127
668089 916321
185426 817859
27388 165929
96723 319404
977328 522415
873170 112430
17513 449624
603806 556545
303226 966906
968868 520132
528088 727825
778640 830384
612497 912332
870621 264283
982466 925754
482275 375791
727174 873130
434854 217913
191561 18828
811560 371627
657385 866883
691040 522142
18947 661878
435916 566469
45557 587644
251086 234586
880279 397888
167666 65906
790992 509079
636931 405773
454658 913174
559788 182735
613101 655758
233169 933779
156146 685659
648050 160928
334635 95630
132864 853436
1609 401449
206254 889020
46268 927303
861666 182047
688815 331618
449009 610002
972052 918378
602380 116121
579683 771924
506451 640627
947447 462665
150327 523352
356077 243055
111232 537983
513786 577087
366197 396987
770084 80443
771036 130384
933542 566253
776379 240542
576227 236207
545477 286319
152887 548985
444783 770513
952932 8351
628295 327519
476375 76965
790727 317214
287322 8245
619479 564790
675861 68610
491692 750372
915657 289501
446357 108842
305882 176550
735196 567061
952485 765382
608691 150828
699298 612119
697515 304318
18050 475951
62801 649834
74365 416966
451233 604221
217198 774034
476003 672279
801208 304576
925463 986520
897842 276741
937153 715365
90644 763564
886941 249357
92027 267229
649272 604318
440664 995834
737226 849707
421423 71810
813203 41993
933222 653698
457385 775757
838356 293573
317547 72009
293118 939593
482146 841970
101130 635354
251841 840449
961396 990979
492668 35405
51037 795490
67924 115815
343468 847606
913868 883659
117725 321940
858835 166280
371336 753467
119790 448613
347451 72282
437501 697088
896992 833052
67011 9367
287328 443201
267071 696
478374 63384
980987 836299
245743 826495
705380 677492
572000 758272
359072 524180
776395 847917
487621 490711
953674 210758
859081 978046
110259 811386
701455 77447
532588 868444
80735 296389
111106 160769
2170 92712
14336 821668
847861 634994
275319 570113
418393 483762
756994 267232
745235 320721
113470 2085
461753 471459
591591 763358
195855 420579
633316 120678
396702 662761
768130 98101
959654 922218
92686 795930
970158 413317
636384 399312
548643 507
484535 617903
433191 48832
271889 319112
872999 619242
661558 802727
42831 672217
925371 740615
708648 254812
988833 908665
959227 739715
457396 764588
644104 405983
792081 768812
542278 215543
344716 307677
671528 803843
112319 661479
704719 305635
975055 135362
984750 896287
69834 831790
573450 880876
815998 405199
112875 388647
5363 384288
54443 963040
657106 342108
945489 773112
380430 846266
457647 20303
929053 676787
672830 274665
955798 967920
444650 569604
308826 600300
375376 664768
883367 814255
500063 734002
98805 524384
230386 952452
227239 989736
868090 770962
932323 16932
62158 444255
952208 95928
785181 500289
557680 627695
350998 365730
489485 803680
553922 339737
842634 238686
22564 167812
971345 583172
446245 702060
672487 93285
510528 365305
115384 968143
831076 736655
887574 651588
590560 787015
423810 684328
398522 783053
405265 624892
769061 589528
39145 266649
58163 127417
728233 702351
224544 856847
606166 767399
416469 898123
820167 194515
679703 265748
766391 951819
121811 952004
186189 902895
373205 900541
526968 573788
679157 774862
651883 959916
752344 362024
4350 405183
371729 243651
912255 770415
253803 141199
322075 869558
70508 863531
82602 381677
704471 134239
53324 123620
776709 10953
86957 319274
337856 872357
80776 714228
51697 376102
378556 563500
558768 845022
827140 849809
859123 635043
438043 657733
669887 665433
202939 742716
907767 515922
931792 561457
978183 795990
363648 898245
470580 175907
753011 171674
301020 485193
951822 79768
893307 600889
229296 666957
945587 122460
620261 573742
669817 497983
702078 699383
454304 711061
974378 648380
823925 937204
77053 784204
418010 233323
241717 802202
160723 427547
317971 648963
233457 608951
938518 594133
583181 847145
252839 692347
758089 420035
770545 875213
254713 191799
739612 132196
942950 978384
434953 484690
134302 377424
910319 750698
576298 621568
831263 90576
461152 30631
323708 873748
524027 591758
402289 821291
473505 587261
845372 967090
656257 310296
200491 812645
135602 802462
472233 572810
652416 856144
