1 10 20
100 200 125
201 210 89
900 1000 174
1 1
2 2
3 3
5 5
10 10
871 871
50 50
999999 999999
1 999999
999999 1
603644 312119
577207 753738
144895 782138
558820 217662
314688 145193
233207 347115
558285 252584
585762 263943
379437 157859
74403 862044
128042 877753
12998 903609
928037 731226
213058 836801
492571 497257
104850 223702
788757 118989
194037 744279
218545 405006
402696 245708
684312 8668
490835 218729
704522 977994
446992 375430
543748 111879
784663 600810
3795 246405
77807 826322
285581 141920
922629 938962
142160 487887
490367 579574
461897 355606
251548 882219
561849 377860
30132 746833
772474 124026
609447 729975
349948 677315
21416 501527
312235 592448
791250 800979
18548 839474
535047 839868
46079 114867
340274 568885
705317 874056
427197 304311
918308 691637
825702 60227
515564 510812
814674 581592
828346 671209
279879 890946
715955 324073
25371 559361
629072 774940
884241 444538
466281 981657
554403 953301
557872 926164
343832 896294
496418 242705
827915 17973
697318 337214
579985 784272
696715 548576
47281 199281
120592 256568
971130 399086
59692 860553
932815 58810
934362 924723
275843 167314
810606 438901
969680 407973
631059 344024
697373 581424
887122 399296
935769 253408
830627 945335
411133 753505
845717 991697
690882 478857
642598 579455
265764 576956
393778 243613
940952 246914
528214 781580
997743 469399
365055 350993
859336 561000
550832 612949
126929 800033
795636 904532
605764 89092
696684 253954
396513 859468
903192 930585
901199 11641
107185 199376
196102 366231
732098 88598
524872 642498
387446 586877
925467 691125
760251 507659
69022 230699
287693 257909
634468 601504
312779 391230
722578 883304
395618 790613
166687 610363
14118 389596
495038 707977
84805 527515
802514 897599
821621 854028
988554 387156
449099 913377
177986 892281
753118 899636
814713 114726
327986 496820
109096 985927
737379 412642
294561 853490
976573 563076
909362 490807
454553 617587
919516 424946
64407 292602
412302 124082
624513 897113
86931 390624
627177 557987
25168 246043
313409 288963
179664 131692
293445 409698
999275 101594
176600 10545
822751 516284
835845 429498
91840 186657
366544 549284
832750 883744
21905 873860
992253 743388
878126 98141
89770 134184
882242 245495
956221 103049
974868 119103
31910 729164
287953 755812
801549 589509
276002 657967
986293 391958
36396 133120
724384 952499
610418 534117
641705 22866
621017 950466
134534 626319
456301 957419
501298 671332
204630 717385
25303 11840
904695 933277
635754 563997
894062 154580
593262 412403
351207 501281
515791 894281
796894 908966
429145 342305
895304 603254
648102 729959
883393 808424
589282 143629
753061 378377
401571 578667
69590 93718
995886 489738
901025 319995
307641 376788
172339 16554
446678 208949
535606 510770
414647 238248
276982 262198
804116 439694
79470 609707
151981 703301
50821 600232
636520 770087
895541 166392
428148 80443
160360 540488
552383 956604
362097 157194
904599 719537
194422 200957
434577 889178
611146 402611
352889 62963
425312 955410
411521 696789
212452 523773
495744 798465
463450 429186
590457 919365
834571 843525
661174 113104
815204 204310
700486 357717
82603 331086
446256 302092
229989 561849
934523 125234
6914 978494
767411 204975
904927 132993
890415 439833
138993 970076
624142 886524
177822 340679
743657 425197
924811 451790
975491 271543
907891 726533
31245 609790
275864 768339
949390 915570
416637 936070
972599 192958
54016 701004
49778 236469
187214 46017
836065 785783
611105 206600
634374 528061
462688 591111
918417 556075
792252 199752
457019 243770
680781 498386
10965 371438
307958 635016
198645 228638
648153 77353
745683 593657
456789 800513
985062 357566
935055 457410
813171 482357
20314 564195
372551 334649
775817 560182
301335 47902
322915 261677
718521 576433
440448 967115
298324 895947
613612 87436
510934 987173
132098 26360
446460 459644
452556 928230
853700 574754
257950 59613
779780 273833
386498 251584
420508 566088
552049 18161
661441 555377
930338 878703
454743 971878
760348 549964
845657 957639
462804 651838
642676 11158
729980 199010
611286 955860
365009 285620
478756 708217
41958 307850
950102 34906
484229 938638
157285 547466
220297 978512
641724 547454
968572 203699
480822 124129
843570 961986
827772 303054
270503 801110
698763 259618
102563 767156
365240 175496
964609 229140
895628 57912
961324 17241
579828 459404
996703 384168
452572 522870
573219 376624
433797 992595
51976 67284
177533 189516
933919 732946
886308 232395
660971 99910
769109 746655
976900 241756
634713 517627
180262 672989
125497 126885
855243 785109
516323 875510
25200 793042
747110 402522
245445 386676
50198 35234
221271 111824
92403 112230
832351 672961
708326 93515
781470 363238
270194 33100
557753 496470
108847 565787
146105 411790
351091 556817
102931 556687
49518 267801
906791 642191
601986 488148
142655 192263
687416 685487
679953 796560
856061 962221
98740 619972
144778 518920
59157 662457
751679 900495
740965 496022
200678 974453
967153 236541
153488 398062
524633 846259
821039 471552
232493 121758
72293 60597
803210 151638
190175 751799
132074 854199
361231 462830
984218 709427
54240 754306
224841 501582
778296 525865
493502 231140
406879 19636
84658 753495
209208 151453
674079 76422
620676 705352
755096 599060
585067 270620
83822 801132
451859 387466
688307 271322
527621 301439
447464 740661
468711 187546
477744 244603
100606 592727
540357 3804
558855 663566
539504 65870
760924 831961
611550 735504
85287 237316
980563 232340
737124 463698
707355 507196
250604 850612
777826 604612
170111 565080
472085 637861
188098 644029
533322 42649
497792 421927
742450 938887
678906 841234
979599 235792
649152 708418
141377 906539
597781 613160
391415 515910
216212 108965
656696 580110
802462 295918
894873 61791
12025 868607
179259 378282
528037 721215
790155 557618
296225 23656
215268 554518
537781 31374
772453 173423
604168 906971
687177 831225
168289 203851
997470 757317
3341 748484
302315 435192
487941 688127
796227 392730
187417 487652
452226 851255
332215 586202
173351 870436
825131 530998
856188 559866
731100 188746
258491 955061
56610 561859
819434 995559
470364 203339
508645 899099
683883 620193
730720 408442
707273 331599
263401 308502
682137 245204
706003 806951
550795 877839
761526 529605
298898 2899
903096 475395
41315 853479
771660 503485
929951 450701
525569 51034
777650 443290
458520 928516
747311 254155
237472 280483
73260 308692
720909 843349
928769 110986
779932 328930
919166 808632
444462 728322
746288 4479
89239 585924
733757 910685
388509 501519
187645 872020
998484 295705
708078 117626
221231 222221
541507 32460
568215 470891
51889 633967
779397 170684
620738 758051
400797 691322
182293 941853
274458 321681
150504 905486
523664 291493
362078 819252
734800 505019
227421 157777
455478 285149
924956 127129
923911 510098
955345 191946
524919 361279
801749 692125
717400 351895
488202 113765
638600 97047
242964 455394
660264 140119
87362 699495
946059 165660
410943 957121
720317 265989
631838 958991
597987 410613
397672 473880
873219 138991
308798 548492
901916 97954
842461 383055
967637 111119
807945 256842
86285 622053
977867 662953
303206 749352
42367 88087
641461 630143
891730 144672
457396 702852
699155 321622
900621 728575
141176 191602
401511 640428
948978 235821
713625 11578
696699 187016
343052 20419
138256 198574
584906 174909
73384 78004
368484 478480
752887 522362
497743 44197
568546 463025
498808 235812
163453 114738
912100 3996
361661 454655
771043 111212
978484 506333
126938 973663
827011 413238
885272 153872
72308 38530
847545 287543
711590 660969
266220 214455
26843 522422
665247 994816
606925 568583
881205 21873
42839 635033
276877 729518
90446 720639
680432 223016
365867 423464
854394 216435
73580 563736
28703 874540
896162 767724
751737 630517
332409 276643
729442 153270
749564 855477
339168 57574
655476 61983
414540 651187
847846 472290
907216 603432
101776 433086
652271 471914
365028 696143
758491 107389
790164 572125
347038 470583
245610 35941
557944 504176
797854 998968
180272 75863
991033 836133
711714 588415
579936 314864
45699 806191
230071 799520
379035 873227
512039 640956
406646 883629
4913 445549
210482 18004
412619 311204
412733 93149
497676 465815
519384 213938
199123 107048
697182 619667
253587 382254
743681 991412
186679 850155
221046 2551
155113 235143
759045 151810
280045 61469
281189 43232
927375 949854
140732 336057
238094 890600
924615 623216
40360 448258
798216 525416
604359 474963
377091 935466
581756 465351
721638 861403
931350 181721
269705 406756
2772 181413
425351 514644
242344 268185
330287 685195
694373 361762
994992 637034
833383 741793
173935 968857
343270 967004
562094 16652
755359 77980
351449 562259
961596 569495
818676 524823
225134 24143
486836 1806
772631 390314
388538 755298
486813 522101
391870 898685
34073 245794
153324 486856
709648 968006
671183 202190
494918 787554
350732 213796
458001 812543
761003 537437
610685 629434
779462 379615
80052 234442
869094 800350
400141 440134
799646 619451
420152 809206
158879 83290
73196 293288
990944 497737
862091 565164
751476 358344
140839 746269
72899 155036
826289 626361
514327 804951
896235 346359
793157 745866
892027 282211
502851 52948
87664 765821
667929 316519
974070 725459
794664 375083
308886 736067
617493 702750
591008 705050
492146 527337
750059 636441
623176 115968
636842 902678
546874 262196
256761 254005
370225 220615
52314 848822
209965 593410
923196 410925
567987 839611
143265 737880
475115 275903
973365 28785
118493 181244
260022 477448
370658 689348
598795 929335
8348 221696
2850 133175
33653 735122
53565 623867
370467 951552
114284 168114
62965 174244
366950 978548
357236 686203
789241 69685
526889 256496
673043 473268
5258 449259
690874 25543
21286 751328
353850 991826
952103 457156
402892 341990
358917 582780
121821 676158
689919 551472
87694 396107
503054 280779
76642 447177
933573 698259
687501 514307
299267 869683
779128 794352
154052 711714
554237 226997
545042 836604
750188 922914
457809 26866
914483 505154
720082 808131
346020 682791
539604 301807
685676 741185
955126 426378
550170 94176
775044 463075
776985 921604
395030 540854
668830 713848
72547 65426
947886 115386
238710 55265
319333 543890
691154 144389
41581 293460
18600 795814
318653 808812
424708 402771
923750 460327
863883 452130
89383 68222
953724 426300
116263 455967
478471 294322
419213 497649
214492 492596
871691 173835
433130 23910
241196 460795
956843 811328
735853 334691
13096 269862
609250 719673
822356 322855
348949 996738
956776 907897
624578 714127
439612 589693
754191 275172
351409 321333
84095 638689
878464 300579
619526 322496
143500 597019
281233 862092
632007 969163
956094 336346
621040 829635
148002 655395
464902 604113
490473 246546
152578 80131
401261 411973
356111 564673
450603 806086
129626 794588
368417 143118
412553 990906
397222 600294
590053 584258
495866 285706
714277 446503
357850 225342
692277 639437
737456 59856
322056 418870
781557 321086
31859 580683
961394 506792
15248 443
993309 567816
85441 551643
624152 520800
345434 230657
432578 974916
110627 61507
477566 331609
41709 776100
984072 246025
660129 54656
382358 644790
402073 555972
278276 109621
834741 629902
495891 990206
639244 798882
632664 877964
154868 842377
472954 727359
83287 735506
581627 463454
217392 111998
828323 962780
768518 563593
604563 549166
477946 190690
247882 566150
741101 752561
642758 31893
941160 387960
283226 768888
43663 478663
187545 553688
71398 380958
457590 610933
847463 385832
220928 670677
937164 624914
76160 267716
454465 915620
736397 897376
237259 800398
974302 643201
585892 136370
676595 716399
404423 332229
102938 994932
856031 710087
543510 812084
817575 54850
771692 20052
290863 950513
948858 762111
726473 381737
512799 672208
643378 680613
156364 37979
718755 925605
840355 577791
612071 447276
773158 909593
746145 433825
1422 995386
239022 1267
208135 264220
224039 143850
674463 541933
663070 844654
882774 715454
129610 100306
481691 526147
351821 457238
607453 44184
201206 851694
340325 178241
581786 611065
536731 864930
486850 854998
503674 419653
955812 79312
202683 673013
785118 293650
603751 866680
10245 949545
797407 538742
897073 53491
418600 732550
393434 386908
593012 561235
816827 618161
32302 549490
842553 148446
924221 960569
717320 132311
721987 219819
912438 791460
232408 891411
831607 219022
553640 25595
45906 247899
196141 427529
61319 760858
504770 694158
499021 501744
646629 283098
942261 502348
185947 188702
640549 79864
224255 175858
642011 336632
887738 26329
553936 10033
709111 219168
883892 360310
213837 66288
421625 133712
149065 22974
266348 327813
385375 764241
909186 989173
622772 183653
286116 925712
529049 116458
319022 867712
209346 587347
951787 645583
592094 334459
772504 953302
45906 123229
838761 324203
435156 598898
879551 291496
662034 846942
740613 756980
638577 66435
878208 778009
886574 472503
65613 425426
981905 465973
774440 772552
102559 936063
310045 986058
858937 773963
435978 247952
965378 624757
339783 467525
894655 491776
44797 580411
252013 309851
541413 448031
830412 427493
14198 557003
951623 410621
696839 152900
674702 143385
179581 159946
84675 503743
789878 782899
675340 421668
903805 373167
833735 634360
235425 738228
32498 833814
833431 609302
583888 130645
240150 233256
532053 663328
49492 670223
647311 942444
929776 386778
600684 739279
127783 31740
380796 512071
295234 979787
930483 51035
753413 629926
538834 327951
384205 439110
344640 933897
315471 604481
280557 998058
507724 424915
847811 198112
942321 334040
640439 801171
377150 992402
998372 827443
377597 893106
770857 569915
617066 583953
447741 342124
67584 408807
221747 138952
305719 675927
628000 920785
523810 819073
589689 212950
990921 827274
578463 347808
180744 962136
442995 165100
