265874 598277
383584 785030
4449 594712
526043 250818
604274 545382
502791 560333
552643 459858
300770 324789
421794 483266
459866 280519
226423 301406
867875 283886
700766 19156
203411 719839
52882 103466
360169 99774
195486 962800
865367 493471
709504 900861
424286 760712
657750 342861
827313 103032
302279 861348
968910 707535
45943 46556
732702 372997
845771 17089
386254 77435
91432 334684
302079 663950
629496 740871
954671 329872
518480 956402
137002 366932
26446 666215
577465 384109
585386 677859
597902 292212
583469 465760
800174 349964
692269 224419
909785 580017
630577 749240
707083 989701
964857 724188
587089 253920
429641 949263
673477 668086
924416 747050
655032 223333
893549 461835
522457 214583
542583 387488
569703 316676
624579 184451
800148 407429
33007 828224
285216 171861
583734 22199
925945 289003
655516 746197
526778 370689
684700 145659
529932 807003
688603 168480
564967 375253
254119 338071
272392 930757
882100 506959
931141 894611
593579 468327
193527 570148
550715 624099
769811 567454
764932 94682
928163 860978
654017 726287
465369 934799
649608 735919
448995 257203
24551 100679
295299 976349
658637 302992
998127 76970
572870 761403
636364 466393
938189 724537
556617 488734
685262 382755
684779 476232
557137 436902
946014 730556
70651 865322
108272 538619
787794 366870
391351 444847
230279 334139
702608 24431
691388 92480
389914 846393
974159 933744
850899 188464
792817 881945
253000 609458
257090 54980
875444 789012
974567 701674
315306 445532
44914 688153
583565 806312
535525 941278
278234 196748
628865 865106
880167 584860
122012 420125
122969 551356
88495 961361
761898 685723
141707 693022
942076 919794
851186 321726
712057 144544
638519 177528
919605 27321
999517 127232
141634 570004
88906 682204
758912 830861
979294 732420
748213 242264
882621 884414
326546 714225
32321 924728
344216 272940
106400 814217
914338 865335
558187 200312
945081 831573
479364 691295
103273 445133
619247 573730
88883 707445
524963 951917
868971 246049
747270 492777
14296 136559
430755 272461
846923 805007
813341 805299
303147 354104
660734 853617
308524 89656
451743 228730
870498 490665
993425 29765
276910 53265
987035 42479
704603 762596
734472 434968
46731 222954
487534 826552
460323 816974
165337 814266
349578 214459
383369 128816
727685 31316
787317 536980
496398 789172
112960 734562
942938 309396
864359 663993
730201 42208
424632 117225
63853 60740
455604 42525
521496 796555
342032 140149
316434 232085
416154 265051
510687 143550
759097 512480
256146 171137
628716 106369
202091 415932
22134 658832
977606 377454
777857 522091
180119 684320
540129 683589
615023 780645
330753 384616
9291 786795
122392 2616
18199 329494
313656 569269
713668 509692
852635 290244
234541 352704
960235 650061
564602 806608
366413 446791
325231 138794
717242 668694
831484 177020
168250 406793
649898 575257
777841 121481
863384 127118
92069 903999
238990 319224
648942 980338
519706 809817
872669 275595
155396 197549
977947 844420
69695 92921
694928 269756
235898 70964
319516 955305
661859 449256
408883 280398
167113 44498
554333 588771
499967 505443
537570 200098
134241 107571
459860 484529
178951 776132
21741 882180
868211 606210
716765 199204
6196 590194
329221 463468
908304 42107
677894 528580
977104 586398
878210 868314
252845 918630
201629 19529
596960 656585
547674 42523
423846 493317
283062 1276
30193 37467
542611 988841
3553 89897
219646 33667
943090 493490
654992 571611
195119 831791
897513 739275
687791 494312
760478 467012
409659 413532
161939 337121
677486 761492
352549 885715
181380 797192
660665 370444
968091 344639
944639 422574
8685 618708
60071 987389
846994 298367
349657 582630
879462 850601
428502 766756
169033 536696
412249 107138
846502 650716
441486 351146
545210 817725
893978 531540
750273 899773
746125 855131
527858 881320
445855 341200
199786 503455
102445 872625
671669 631273
18838 875474
748133 538418
827714 436927
814241 850790
18960 595923
400283 325414
878780 825716
123395 480870
221108 258477
802282 732389
55438 720044
172877 36421
960024 616722
3145 766173
9033 220444
203420 551881
558972 573657
371075 728507
902592 329969
997004 758431
877395 458473
567521 699803
430044 568457
897019 192584
975943 960331
787430 309738
477630 250733
785837 161087
260804 962270
777849 50904
48456 223840
870108 217561
496835 782952
846497 809323
50697 107894
616569 928236
649783 31454
980892 671303
677616 78931
316615 395013
853573 881524
979482 53680
563581 13183
947146 358985
552983 933333
538277 869287
253449 752985
118396 11072
650554 238945
879739 745284
22436 114621
173742 370207
165910 126786
592808 623539
744436 716036
388785 365450
919514 230543
661035 560916
652684 577647
776197 330453
510668 412609
113225 964494
52030 983239
891214 823160
348879 15201
681160 822352
119233 141488
185025 662249
196347 443247
921471 981641
674798 12943
390568 123880
41873 641857
174122 959898
454180 775126
428042 474633
687565 899274
491082 812345
52138 628801
227082 817807
997614 497799
211881 89627
556483 891020
350430 400092
946424 277613
29653 147643
474252 129098
918515 380380
286425 156273
252027 476731
166626 800265
244899 670658
960830 856677
186009 369133
930552 635679
560086 921783
381361 85980
480947 66395
631395 344697
923741 247683
250676 326713
919811 261034
589035 944695
244789 920696
390505 666365
807352 971285
597507 420773
154588 143577
370103 72248
909971 831312
168851 641085
328140 989577
80513 520216
568538 736160
653746 117995
503127 673321
733862 889335
813686 629616
144121 468048
137043 645595
838682 587373
518326 412101
741912 14243
564308 135811
454752 44582
601983 337488
256784 95329
636144 386637
372115 384023
656763 419986
866445 872217
457105 316077
935338 543415
696663 841657
145023 772958
145118 17262
405417 171947
622914 961770
189057 560503
421782 840708
907155 403735
572828 411112
259984 58891
742103 795323
907274 137564
547390 929543
171345 234366
902331 446016
839661 420666
607703 194880
805983 865339
569598 637878
494854 515455
672780 964989
188869 972173
149601 714209
327797 496367
28757 28877
145085 896973
839644 626287
862891 440049
849931 773910
78660 784353
592510 500259
860037 7970
97833 292342
494318 584280
342197 913964
435598 668462
393935 663480
632344 23627
235432 631122
612655 343192
176556 243356
948960 858701
953370 119714
573143 733818
820472 856125
445464 357596
956113 819160
508071 122811
916171 213142
11077 422517
454089 525320
151531 760558
500259 953566
112910 521629
74499 785771
533159 8787
913628 21317
863179 302151
820126 112798
912761 377074
920908 981774
585433 72700
276398 532748
400418 559311
654333 30317
832987 462951
130421 820288
96811 133488
846617 975569
522015 419439
539769 220163
77717 379041
406539 933001
948647 972075
932602 529435
700268 62153
509165 456888
564643 206662
496914 671369
523023 926070
962495 344466
340371 991931
206722 358397
315514 379494
594813 386672
560844 318425
566131 584509
775211 636157
481791 186826
600044 179529
502904 602360
952578 341517
285962 230196
589427 621149
764710 158694
541431 716257
429157 657348
694194 846548
207584 844574
559487 614499
642080 189537
789315 604647
255168 922225
403290 152512
621011 703306
202415 769748
327404 918550
959494 673810
815256 426742
15600 609990
265418 306362
808615 655223
906897 963283
684016 278583
537174 966247
449357 301416
746074 316432
969208 967249
221976 885181
269698 462758
407303 418394
820087 533367
440440 697983
756297 158389
92308 415844
787509 119606
687333 338098
726196 231639
970167 948876
862024 15806
289956 265146
331164 761370
520687 604893
421125 18832
535101 441119
952396 75817
621004 810188
891294 494756
716068 598590
999224 752656
203665 569334
597570 333570
235968 337061
753025 437325
501262 345183
6402 336934
276729 521028
657248 199928
644678 395684
51253 514657
385719 214457
418197 201680
650036 843854
14630 832300
803226 649012
595906 779929
185294 359694
236772 903291
768515 419498
990189 928977
121208 458844
55271 746664
576472 872278
284705 877639
510070 872075
622183 195548
343579 552607
42727 184580
264660 780226
641088 120353
624248 323057
289941 549069
108315 787531
804183 74147
652590 462471
308674 268360
127787 493490
226633 219382
380144 95872
962274 381159
379336 931645
949023 659556
96004 433396
608959 742611
644682 26354
541423 105276
524177 388394
454636 292959
583465 998417
957600 571815
418975 217184
988761 533988
562313 144675
537311 800977
248772 27897
729171 336176
891038 199625
288987 217318
49869 775315
721396 42369
666734 183862
590717 107982
928924 746310
510037 103127
527033 587642
694472 88554
56889 745941
17605 813643
608482 166392
979808 381053
864573 916006
111197 764744
601929 803080
855610 184787
2356 501333
97326 23057
348268 298714
48753 335489
786762 662735
907247 760893
623214 336603
284495 185016
148507 706444
623032 497154
542672 852594
728692 242743
421611 333811
32036 891115
386295 668861
616803 512122
237775 470746
63136 952852
100789 206994
309408 258457
110277 192494
625180 741901
304678 544720
377726 659077
128599 467398
383288 525464
226754 708865
233258 73976
978488 283741
285401 348202
114227 543792
625349 691193
576066 488105
568877 218913
171568 75230
800187 865357
414082 209655
530812 860610
582810 313148
113664 672603
206605 292144
284228 828263
185990 647534
133170 635307
956297 969324
810636 988605
396207 966762
758679 461145
93064 881175
421307 394898
27332 745098
866819 113028
166284 304327
169726 434294
993846 837032
908993 419862
781329 54912
490764 872433
257110 986501
328543 353174
93335 564593
658901 381872
29751 500048
982253 122381
92494 64324
71369 315597
679139 354907
588909 500871
418916 552637
657547 198630
546736 987248
905325 709338
473728 599906
792109 777350
171244 360652
636274 786137
179340 22935
118314 531453
151042 794768
272380 240805
596464 97644
218520 159627
169974 499765
651628 443659
112609 438984
252485 789713
124576 787617
633850 910853
885673 896249
958235 263043
294537 843999
440512 24197
95326 468570
148152 284509
968625 499197
521718 327233
796013 810757
37848 443592
346907 179446
322472 900479
603938 966948
112085 150666
630594 63072
778781 782913
734171 363358
40603 941604
956324 366551
724930 46689
456668 868293
328487 645120
157355 776149
416185 343646
215212 576455
645526 363905
554561 102271
238735 629718
898724 799444
246430 738597
960549 70433
463145 898497
342595 517654
284749 450697
188234 395888
39423 186099
619516 626390
653427 103156
111495 705297
298587 321404
723563 35796
110505 796362
878358 549319
505506 124554
834663 919930
729609 54341
278770 647759
445573 218034
58220 939332
147176 275699
559095 598414
725447 376105
821086 71455
995449 39029
438421 853104
820244 46532
413924 421937
284832 406718
995668 261867
773569 284590
384486 361341
83437 829589
886992 876488
763213 853587
77808 859791
516058 375452
552960 695638
417295 164365
989645 831596
36690 117197
765312 51924
817436 807108
73506 313655
652995 384351
24754 473506
244107 632848
498529 562896
250092 334598
229308 257833
870595 206510
794554 792255
464198 90996
280902 168878
40218 830101
535775 603842
518852 378990
121173 1314
114010 800571
690335 811472
921975 987486
385670 877147
826162 345445
995998 471096
607743 182555
673870 583213
766488 868105
804481 525442
939957 86545
929337 799548
143359 719090
644099 859585
170087 343709
661590 109906
209448 232701
344933 273730
168943 818341
392484 98581
449906 185801
594038 171508
346805 377848
751786 341999
58146 687080
412845 240932
414520 929205
916362 838331
250372 701126
769315 231478
284970 542606
824454 423332
907992 123237
166737 927641
352100 913487
476841 400807
661558 988005
757300 812942
80735 73673
366520 974202
241947 399848
821545 174495
762425 309305
468426 924928
216812 423104
576465 180121
257291 83110
341979 580903
752668 800061
103032 19561
70962 561448
743492 269626
956037 846979
142842 325771
155722 649217
70690 386095
985191 147502
692237 236221
279021 120798
801585 21724
68158 814086
680178 540759
26637 359488
512076 450208
230173 653459
862125 942117
137476 869494
651161 995306
694562 456307
406870 421401
1600 263549
45273 672076
749683 466800
486158 538976
821488 107720
618198 704782
9608 512189
723716 398660
875557 584644
484661 293970
283205 719901
32021 832140
471575 580646
826673 482628
227100 470784
426576 605795
111069 596668
146966 680736
310384 105166
655341 664447
226938 925162
602334 117179
881186 746589
812030 439045
398979 205279
580721 378278
516911 386205
359625 571869
886908 657701
489943 535324
37309 186005
807381 224689
323138 17980
279382 368690
517830 936447
23791 460138
443978 454175
52111 785752
262217 739115
33764 814651
771705 492845
905055 591544
93372 619983
781521 672181
628470 204088
947542 350129
171530 187297
956631 23596
582501 983478
271256 720518
254879 434320
454660 402450
764320 280053
724693 172189
371445 28558
885961 683628
97618 459969
785214 725031
607094 898497
194024 729089
872919 724797
695029 862406
134950 260551
412839 265867
251089 189956
310742 430320
315075 629780
250664 682355
580868 521487
552373 903443
794978 799672
107245 463533
164101 910285
955830 576411
407163 587306
89118 888413
459682 718083
546168 951792
693233 566215
712702 576716
630892 215516
913921 554193
147721 239461
23507 183362
933916 273842
945462 677073
339239 600569
944033 351316
774739 192732
506384 289055
453983 398721
105327 49045
985339 484235
662758 633745
55992 549461
840849 636110
763222 714151
154352 215507
676642 293636
869918 890176
142472 930955
447442 249862
634211 273267
510097 746601
144629 453032
849750 802781
113041 70043
257919 818233
574731 915250
667229 831582
488306 669386
220145 159632
465848 721533
133043 322833
349955 926575
901074 566121
205052 134935
288779 71513
794789 711981
868974 559067
823799 705
962419 372718
519355 269672
223830 272159
526240 742122
214614 886338
801218 337092
125897 192110