97473 135055
662078 859226
412199 184121
379856 763546
252566 22816
752753 859795
488846 749898
910891 211163
792641 476284
536069 772812
602931 759923
58424 451796
957690 16382
620604 910745
204645 353206
318651 63943
517625 454108
925607 12407
495254 783693
4455 893949
79673 110628
264108 263054
719643 155820
417634 675852
813430 855936
788483 371696
659943 667650
265285 126803
879791 490612
769780 777945
369811 485750
570650 354874
614948 245724
7834 381934
604697 691179
819036 524853
418584 101553
666658 292096
177683 306430
81401 327423
300431 932226
817100 590088
773504 391876
17171 285473
616337 981309
618536 18090
526719 146831
517818 459626
966309 19365
881626 468916
638290 384296
881651 368501
894358 637466
222295 993885
37724 155411
637620 265320
241521 196054
862693 463560
221987 156176
38565 192561
237892 460268
428318 681408
578510 266581
558623 647689
368608 754121
702829 321212
772519 1175
686320 646898
981080 517173
231502 783386
921497 488960
196629 757755
385535 4560
108818 499301
152306 216183
769279 561016
347565 76567
308888 989520
304034 496861
322510 642124
164730 2462
467797 155066
149882 405580
333208 965408
625473 366484
641420 77417
115246 119512
839650 190571
983262 361860
865622 704721
758419 304463
73381 798570
111920 75920
21339 272140
673312 356922
87754 92006
285975 878070
609879 582434
82161 868572
793518 462451
120566 722509
126421 129728
771391 324143
97758 789612
246642 676806
596215 125378
10216 595436
462811 8890
92720 776237
353451 459562
436269 141825
953239 852812
210650 440678
538294 473256
224046 43034
978230 551966
814619 404786
964781 358162
999664 302170
866382 923828
947870 50282
239991 372394
707351 579360
446694 914269
555922 348096
384076 290973
119019 720965
669498 424114
57384 899586
730424 390720
844503 136410
901557 40086
422930 202520
871512 742227
556837 975532
588340 665525
318470 153987
123803 12031
887234 129346
944393 180038
417977 363998
868929 274777
293440 968538
321782 326027
143652 410398
152031 275935
486734 409009
615533 899982
174914 430419
241753 843575
746049 841082
388758 964068
375695 475239
359398 788148
656079 575523
660745 431595
832906 341851
711632 299346
156174 182229
221455 149324
228083 10574
296304 123831
274937 321458
657572 741051
145805 316983
801269 831474
529194 67543
60280 880500
163357 218664
377758 994238
472225 652121
623145 254910
900328 737099
810875 864957
28091 166537
2249 478889
21752 180902
34479 457534
642363 458674
498078 67089
776472 163288
85744 582137
881604 258839
869340 213594
1747 672027
596869 63887
172635 190072
778925 20467
818040 478146
90950 195084
516009 238923
55657 7189
161240 127546
117984 663143
575351 717444
755741 196099
290438 981386
490702 430206
228977 429391
892616 56010
553877 196244
611936 605148
33443 780626
591065 527167
966237 819604
941111 289013
725694 867886
171186 553797
738102 624605
943110 835558
958547 205117
511015 1798
553723 256033
986706 379639
290134 482258
461951 160119
319048 966951
584435 973466
573660 733566
210545 953302
174652 320596
740176 468267
39005 364679
319528 242221
388215 60901
450854 902959
854322 852848
1728 702286
544476 767793
536002 901335
838487 193589
302982 913814
622608 118248
22785 804860
941993 39117
745146 340076
52153 591832
953495 315298
975017 592488
418576 66432
388479 112676
387396 582455
236215 354417
704298 568526
167309 572173
559968 902738
152 536395
782239 962458
967632 539883
441744 54966
497776 911893
588535 153268
982903 200434
667981 491534
648008 696552
111533 745523
346097 555120
85284 359664
950920 754197
895211 294459
128369 909323
173424 120668
889021 863465
619024 22585
268333 527556
831650 580092
876884 600170
231341 959203
635930 859896
215865 758371
760349 531608
429763 706426
895217 216155
219722 750416
970760 844335
663494 992585
802285 400573
51512 202474
811178 756642
549148 341733
641610 603015
875580 224130
931641 162719
230622 727916
239367 196028
301918 34134
192267 946767
180310 649096
437092 167162
954745 488266
260251 694739
854399 14699
479972 77432
867194 759470
806276 22666
740872 382738
433164 252680
270689 865725
606659 347464
177680 701572
688226 928851
186687 333850
224632 800414
21931 43538
985710 859745
162614 510482
613029 155798
365979 45270
288187 344592
459452 559646
274605 355382
130007 506998
867158 287002
568535 553056
74198 830138
307911 341023
678478 16018
373217 744994
195079 381595
880261 725644
475186 146596
33093 967964
651914 232268
540381 241982
842774 128217
637504 758061
875722 209913
670733 529347
865037 52946
570528 500766
419926 195016
494533 484785
929391 212171
833416 220644
885276 12377
567848 588393
205333 248407
141482 968221
537710 109768
293577 812438
639063 892839
199370 717455
94528 826855
891118 271917
102357 463429
504001 756269
555495 857414
564240 455341
46634 204307
254263 990355
406939 89389
579800 175646
650874 506766
586408 825927
70069 601502
372515 605331
208677 654222
906592 833848
562545 468437
880703 375145
620304 134597
73534 309952
230573 408137
898603 828807
506339 64957
823668 657636
655463 724586
290522 887646
88709 213917
455556 46544
431683 502306
932464 654121
431714 50146
934916 17756
399490 255638
33731 173163
224293 987239
260187 129484
108172 187108
291994 413557
698173 797727
101569 78665
360422 21413
293361 285343
556124 97687
910210 915627
291836 108201
561907 186123
164402 505271
601275 696752
153432 831743
904318 924455
986294 988735
28699 317891
652008 311660
291490 597865
605725 200652
718115 796792
703675 753969
494177 777490
914464 981394
499622 174028
585988 61511
758448 133166
22138 552032
632137 859175
852437 979683
137396 427024
436135 228321
946115 777499
495397 97524
629766 520984
578598 305559
935070 807331
599754 165218
929583 504686
472696 66208
806772 364199
654719 296079
401324 591301
543390 82099
708146 782708
916447 196631
27946 21531
372893 198305
479447 219654
458663 738257
172682 711349
774525 266070
903477 427200
347639 397133
502622 671589
651013 290391
160431 327792
575057 373461
995050 265734
796417 884674
517433 124237
664280 640622
770467 175163
979708 990355
270171 876538
891474 959126
959859 868341
78725 109019
621038 429442
75622 294597
181490 363500
687982 56265
580508 759899
687646 951917
556846 930210
79431 49955
150627 309029
998 550780
205924 740901
427879 566923
218579 107818
820298 994839
792643 725644
791395 516284
461835 249885
106619 488414
697456 105462
420437 288779
149439 496349
676043 580972
758844 224464
547222 692136
422772 830257
445676 104982
840687 830221
817091 431388
799682 94922
649716 345513
915073 58157
759739 117195
78737 40454
567515 819373
902042 709497
459742 959921
740764 824937
998458 628774
615961 145986
800399 955814
86000 167971
208717 620303
362954 910247
637619 85916
483309 364751
54386 118111
693166 221453
794480 615133
492611 278255
820840 426950
780022 831654
218798 461071
820918 497011
420688 567726
75720 814445
499224 505457
485467 298289
544175 772668
882104 514342
535964 659101
673176 597227
908521 949901
452623 867488
981862 973766
554215 188622
787655 891643
383304 948020
139176 408505
222674 861103
130418 392920
55629 799621
390997 167453
556984 240269
282421 257392
665534 209855
700577 386740
201094 131476
602238 550088
184041 160153
345538 535578
625599 272982
27356 394787
387922 40533
187249 329538
730164 631505
207426 915193
349805 401853
976489 989822
784268 643949
605122 239999
180190 81189
838439 360502
150845 788541
584723 954276
151808 232493
887592 552877
634192 552571
675979 448335
957466 570942
295725 716416
897184 229837
805989 572516
113963 528713
877369 199784
14235 579588
418812 927806
533470 986381
451601 966197
393791 876378
39565 168179
141590 562000
881339 232850
633822 531441
755897 674837
262307 713634
976063 58950
578970 343320
595072 279533
605195 229855
71593 833710
231913 655495
101574 866368
800578 910763
188228 720774
617681 478687
205137 753100
611505 620277
223135 260511
163564 842604
664136 91977
436082 523766
229132 146791
566437 23333
492469 730025
16465 122417
698971 944806
193401 984232
717508 356698
169484 610482
944547 282557
616247 122240
827137 669824
194452 22545
937849 155814
204736 548065
195613 610813
57162 135342
306615 415865
130118 33383
689450 188459
147650 958260
702006 286947
985744 961053
702425 662751
488706 673240
8595 762094
875764 950065
223491 64293
907907 271640
645229 304893
99228 671042
195933 842376
34671 58109
737956 80782
633857 704661
838529 734472
40481 852827
684060 256120
961202 858008
500971 176163
796199 999694
569335 304364
684046 338535
514105 377103
296643 681725
376158 178294
196805 447493
716394 183355
215717 439000
659001 696955
927386 8288
146208 610899
97202 852059
439281 308026
114787 230287
576861 600187
956736 800203
136756 520653
340167 281941
44745 845712
217495 314741
768049 837798
685758 711709
314921 791916
102832 906035
406167 90452
390421 167869
79785 442977
32313 644584
830682 437053
868903 621877
21715 411002
960271 266945
458158 446499
370276 893935
295893 879551
171523 63860
446601 983074
348749 484862
826495 744495
586965 442178
445029 815661
337397 70496
430082 12037
824379 546550
274555 843990
203137 632510
471601 854581
943258 990308
730952 643652
589416 258217
116547 729709
180107 298733
630091 450428
469300 344796
410318 115414
659863 776248
629828 817178
975615 570878
635405 482131
180795 180792
89399 534295
772918 767582
40411 319039
576613 436202
828006 213634
358745 592311
410294 613296
659380 690453
142042 153289
663480 286188
419324 270200
560251 352841
84827 586799
142263 659338
879664 181152
224638 395938
353074 719573
824266 649354
724469 726188
856498 102213
466669 340851
368633 949901
179025 648732
67521 532895
162779 991133
796829 558176
546412 16294
513859 302955
161867 753664
307424 588344
320910 769471
341638 396202
337041 51491
162817 978421
725859 651409
843527 414569
161409 427177
133517 14240
953530 696643
321462 211072
552881 265547
859174 926958
440193 967478
907253 928208
856251 522336
774208 732092
322954 995780
831001 111106
350712 142551
853534 405522
697929 658945
575847 205836
250949 657977
881817 266595
614420 979004
19160 329388
784705 384873
539161 817737
950305 380156
506453 316588
364237 962277
948633 51786
202954 938564
552826 292254
966666 566468
7399 88215
40332 751057
126871 900704
741726 675959
288416 245769
116290 251032
594793 790679
994863 821258
560440 45157
940334 621579
109349 406389
164261 825121
617328 646807
949361 605843
444782 817332
466668 465533
233374 739639
985422 516244
255129 798873
127727 202807
504104 346184
536810 522413
17904 149620
95710 676417
848392 775926
599502 44535
791979 83549
43560 82538
647817 976981
521251 216771
551736 688438
537729 703000
824519 813095
865012 522142
682419 131437
608413 252301
125683 994452
643503 560207
170734 433272
589554 565220
458509 694384
485476 559381
39530 407064
295674 540946
114855 785210
568964 325162
440988 368472
639918 753255
511272 662361
554018 243972
480424 665294
217611 774860
332230 429919
203701 326609
187753 621526
860112 75269
204490 334856
484179 194296
987559 253339
412414 209518
496528 429561
801527 526748
581406 230096
656918 908095
818051 419587
127164 335770
634685 48368
383198 893578
125541 994526
328544 616647
858916 176451
199388 642425
276932 133296
435329 738420
547940 121306
815896 679634
714630 660998
742690 106476
624514 760976
734686 900661
281374 267159
274343 920818
717045 251912
430457 669785
638611 412166
11092 892358
674979 813299
828153 322452
816447 613022
871185 373214
128679 840137
150445 773970
793870 745173
551976 138734
165837 979724
919209 231003
624122 394443
732805 708514
571924 786314
934465 361999
966549 962890
796597 506209
773034 156890
651851 142122
157247 904197
643047 419402
303859 437723
581857 723394
750891 899034
365165 723831
859139 640826
982364 491078
144158 479314
739643 679486
823646 366826
597913 665342
229039 424606
130535 800876
654910 639659
977400 862799
959752 782937
922599 137546
495693 493509
721943 613494
814691 718666
634389 546586
141734 133900
465114 875018
771661 240096
337582 982681
783128 549019
945254 58811
606181 713398
707982 147324
322146 514011
998113 610903
431901 495118
443829 62452
639416 972219
978676 907970
164280 954648
987652 989420
116476 492086
457864 107066
791754 94058
119296 15175
208325 199698
509580 100315
573179 774982
664270 179364
954907 844701
174124 84374
635715 779673
636149 809436
409336 189104
80667 594489
546799 82424
637022 796480
691976 323693
696266 169260
686810 337250
86679 230301
980393 421187
868526 313200
592052 821954
250635 580985
269099 713638
995389 724127
686334 62124
579851 159701
780561 805145
59953 538225
576396 900061
691783 128746
363150 852965
263363 381363
160385 365502
236053 964974
51848 860129
205616 987855
485845 207711
187625 553806
319320 19178
574775 232584
650770 363965
721947 905011
831752 241193
794649 941500
168274 371966
602020 686527
668243 687890
607191 378658
797187 612977
225632 675215
408551 953313
687927 189260
433378 613456
150668 353656
947301 775260
558335 606244
790083 833215
28809 487819
785440 834645
624376 11119
333383 950924
88919 255634
384281 795239
230123 180367
871971 819311
546906 125459
270985 623414
336487 483386
450271 35401
998808 990922
741591 586801
29177 744262
533972 605286
317433 47856
322077 767889
976497 633695
526509 211516
558341 837304
817255 300761
242723 966604
376230 112428
451241 920654
276659 715541
196643 98479
72272 954238
423025 24
28273 239389
564999 793091
766090 703270
121615 617015
582595 837393
581481 356766
838665 896451
517458 103684
896126 398492
909474 331502
95696 968988
576623 122965
450855 661682
164688 674366
41208 239395
468540 339959
52791 399827
838288 616175
841769 752180
89583 269747
961047 445512
633667 959681
840990 888724
56418 600586
845220 568867
738893 663113
905637 892403
780562 47739
609451 657025
950929 348538
127836 497196
542107 363962
512941 234760
468278 679582
14581 765314
80061 421752
167516 916587
221028 584988
723890 949539
300378 628639
111388 422307
951047 548529
247784 1190
640437 340308
582786 645941
666314 757304
55424 343118
613427 51061
930136 950832
801117 899172
399089 326342
208029 116891
982998 166573
438704 139459
473223 963812
410204 904407
934954 400655
587573 887546
145183 334888
258107 584885
904305 885251
774433 981261
494824 314171
32361 659581
757371 638462
941802 870997
989602 679986
490803 396975
349962 435331
935050 321033
537954 435083
69901 998020
659090 104092
900986 966136
562188 168429
535754 677938
738490 669982
372727 667467
643927 189033
572959 126182
809114 873639
779713 743109
247820 316540
189092 692488
24059 634081
723222 719172
404039 37068
6354 936316
101209 345086
902843 173055
204276 847849
501253 897182
789923 799931
68019 63239
911314 333835
897082 50370
173177 368607
716869 307080
615667 981336
35794 328891
790445 173755
196345 573831
176121 832860
446733 549779
826306 991337
289307 258019
113946 765264
457616 538829
66096 561550
83127 514069
700637 619221
506463 293736
601117 249753
455194 796338
662427 596280
159778 21148
12324 761348
55383 804069
163582 67118
288100 181212
351506 986704
427455 265719
902660 887894
665614 413971
941475 581450
474151 265609
782844 199548
401776 99241
544137 900746
904741 871510
222471 188113
126328 451134
391269 455152
956947 531764
278168 724021
524793 941995
768907 95719
718986 946001
582644 779184
432229 782405
206146 613476
546152 853687
252786 510514
328275 86875
798337 949222
667274 377994
487420 245080
410937 349621
59763 942709
492050 842246
632204 11047
838961 395477
332339 891492
541025 323523
616495 370192
215928 727351
382992 164688
444893 961907
524613 998125
244778 507730
17482 753312
189868 257824
252414 400448
55175 791957
172946 175749
950199 589104
366622 157560
743217 337005
978766 918137
662440 259938
533945 543212
72363 483964
29458 153025
914283 932688
591415 680543
313819 890784
64039 162541
944816 652013
182225 773373
403080 769396
675975 260565
865383 50374
195921 237338
592092 386631
780894 194715
73730 273667
348182 47415
698658 594280
758794 371181
680822 549668
611085 375870
147848 726108
580572 680449
828601 837061
420792 87555
823390 104931
341653 607256
863749 432668
601194 756866
243733 874680
785385 311933
841491 737720
473929 226725
752705 663119
311294 465797
650913 735169
887243 697405
576599 697367
13869 450639
521772 123004
31288 734662
94063 193848
950976 465219
842230 873862
321838 71333
623106 762003
396722 321300
474560 269718
830615 112427
771052 325958
861362 173824
473552 224701
143668 943760
219562 81575
310367 513740
616940 298214
165141 426234
387101 507014
423820 135754
