256870 12721
989373 728063
273075 175777
237174 990136
40878 135490
607710 446379
597885 637113
866169 171898
814938 255320
620412 894760
405299 232666
71789 244905
792953 740041
686610 869454
151743 663460
700275 411282
698042 651070
694175 949443
678779 164616
724809 606421
342932 420937
421353 437597
760484 139290
470929 534652
222872 343117
193295 670971
787983 626471
263879 246803
404905 275651
941553 163392
706596 416924
925115 378300
209428 283980
102057 559016
179842 489761
7748 329657
403604 235548
122134 453635
175735 56173
616408 308452
333928 973452
896832 158141
818353 55534
661731 293196
259084 687773
668513 904525
364092 595570
174689 480285
426707 933815
870515 321767
252696 327775
939875 355704
173423 925844
837403 75324
702809 772607
838121 815877
987934 938234
384359 149328
240535 653046
778040 80982
126834 658031
124331 277631
212468 159961
894285 332231
854580 697815
908732 760212
853654 322644
572788 650161
741466 133211
165554 859421
103212 716075
558417 728960
151273 895435
636722 951132
267371 550248
316320 415020
102175 270191
134364 832415
742421 651677
272287 189669
859766 911075
93950 249860
49237 686926
37613 138068
576531 183539
29939 13616
282935 172311
397070 61097
318759 219371
336835 146951
384197 448719
875395 245200
156908 10971
379344 919453
373075 561678
949751 15
417063 487790
643022 68943
250156 518422
827009 425112
468962 447706
616209 133158
360989 98954
94807 825242
662312 109488
228880 724690
122651 556475
124687 891545
389429 822483
903548 882727
807056 755096
127443 543784
382953 630119
258297 330351
152394 629682
46391 40812
522997 168886
28225 993739
891883 41066
60602 144242
671795 313317
954282 372563
497683 665484
568439 42982
392177 208264
344512 877265
59130 566488
511141 683587
779840 701406
822479 792975
25944 37163
605979 660598
710964 13813
467050 527103
669011 934322
258181 94774
398473 372906
31704 331142
902661 34391
580514 265469
7588 679731
117738 437365
357169 30171
590636 468686
831001 226276
181001 296503
894871 443149
194796 388784
336082 976660
513390 299874
694955 874223
644848 304063
599970 19052
256608 499066
448690 237090
156495 524051
839921 34730
550474 463696
372170 176180
209208 218438
491990 127765
197416 703415
426893 271106
369357 523507
177526 152692
743657 993838
884864 109513
574417 459128
647653 134253
208197 382060
955590 587444
700925 403596
994233 83903
663979 296255
251275 3806
572150 671039
448057 903281
714949 215449
91655 138413
549887 392927
89326 596738
180863 727850
484516 56659
203686 919560
132196 290751
19947 231034
454213 822815
769542 355807
668872 798011
126433 811610
868830 402372
811935 466635
17650 896432
27712 895325
640628 109472
240415 711804
666249 99988
320822 500914
860218 130866
231143 708544
151454 311840
817782 256571
457704 705042
723486 118551
59132 995127
294323 93287
77950 316424
694335 853086
708424 52292
275289 101404
737062 6859
243230 860576
391312 136711
96525 688468
588554 430120
929947 244637
45032 169939
294330 177143
839484 390837
341370 243648
111273 125135
392464 663824
67055 751912
153149 563295
852390 90349
958403 684387
59743 415293
762626 34276
442189 463698
341939 911052
224333 733182
421199 684423
491147 244339
116197 708745
394155 340390
470048 893902
634448 599176
218054 359729
471282 500791
58614 936236
331570 200029
530654 505536
821307 460737
363231 896261
542555 948454
151615 786201
662638 658911
324491 4187
217952 62241
312287 141072
924716 472317
138339 89316
464953 720776
415582 104407
269869 412384
731127 657803
509534 948595
618688 284210
738592 55956
530547 681654
732172 632707
502759 880780
120067 75074
282041 585556
477129 70293
503770 533940
308149 737394
374193 226214
613996 336860
101107 40499
850462 397723
420177 802596
983129 364156
499000 302386
289196 527034
163670 288552
834667 622781
79332 937482
523502 853569
158833 442766
614787 818156
784170 400756
255098 495631
783548 230891
739390 912224
842159 788226
809003 543868
65803 661406
330375 625278
989925 895926
622476 612884
407864 980177
640886 434462
235017 56071
773127 310341
537296 997512
514149 880690
838143 654645
802813 756514
446244 1543
725547 620911
950137 510152
920602 792886
168653 919407
207018 951754
428862 128712
332058 378188
181685 27324
483199 616597
642414 764804
476289 352431
804500 297800
19123 451711
532252 213570
538299 233383
543665 34122
79208 787052
920995 718886
652836 785621
688392 547013
361260 505667
801149 683096
421829 607444
954903 657218
489492 228365
141543 234998
282217 420116
110281 68692
271244 934301
316573 789431
72841 761632
265340 558085
73571 970251
806252 291876
11646 461535
134846 104702
407348 676060
537949 573244
821064 942627
727614 675099
955308 637438
310863 39544
459522 605143
82979 260375
532697 181612
966840 252217
64012 760972
909775 818781
179236 366547
278841 378721
228237 727187
64187 233412
218268 517726
180579 445002
639915 888694
101025 455732
58545 93034
183062 2716
255539 377535
256421 43943
177062 776795
53389 502984
660887 533731
2823 501833
475453 511325
512963 272730
570171 379
801136 854745
5723 469063
110689 781542
805118 807749
740252 741335
153195 402160
972405 332759
660641 408130
726685 667370
974021 27611
234149 349704
853087 742875
833271 941035
722062 438194
943685 719769
185872 428808
26800 59695
778893 629286
306244 51817
418235 213434
121982 982642
115604 492450
91434 91263
291313 310928
701047 816102
160429 910872
704116 278243
69397 779504
463499 738767
224925 96589
910047 171441
169365 718269
462338 95030
961704 646413
424426 792418
584603 235192
9373 7201
798928 928090
319553 39742
163416 865189
854789 593071
763485 121496
611575 300914
43969 718982
270071 85604
651211 958447
315762 870903
415812 239407
401627 977003
996561 197960
7776 724744
647108 698179
502581 678838
467116 635443
213507 697475
647204 986084
324268 148533
402670 938014
596164 291084
651200 924048
996468 397407
115742 561151
436565 217743
419329 127885
729468 501768
528405 955582
469458 573195
322479 506554
199229 962178
723119 474720
69179 815379
861687 789067
275457 395557
279303 879003
429214 106681
862521 54984
287282 714804
578514 27193
245972 969618
900520 147933
347441 903842
259491 517166
209471 623008
203778 517184
608239 818268
269563 978263
492320 231876
521727 596653
62949 903035
484752 468375
27039 555309
56170 855558
375180 561913
948197 828498
684140 366616
150578 69684
477191 233999
149889 94177
454209 884529
387528 808327
287482 579400
171253 95629
534360 376680
282701 900385
306921 741740
158919 715165
214747 149842
294565 240805
618644 790038
402047 89517
436337 783313
52023 471888
279533 706760
754564 202997
731196 810051
18077 745246
3766 529120
650357 551629
91218 615781
478055 149173
914553 18508
812144 7870
99839 362616
991011 980855
664480 678321
448239 514821
178257 600239
472993 465340
561489 767865
186574 701110
308882 421951
236027 510667
558828 66350
433013 292044
568829 299194
351724 535945
726466 12401
511501 821064
369220 735965
455014 158419
465561 347176
894724 450752
540899 268137
915659 194807
42801 18522
626079 734449
556922 41942
377156 484156
122040 122859
963859 570892
863307 737982
150534 732590
974213 668485
79271 809063
491223 835007
689688 782411
362450 915030
811447 217839
360942 924894
737623 885370
666564 165908
948447 899886
518983 990096
487390 21818
596175 172696
119519 498176
938131 29167
97542 799436
375181 367549
422807 756345
27660 333777
328872 677228
835425 200713
143771 679188
926162 303474
622985 877127
566962 845310
205682 998824
665038 740887
980238 830688
577798 795494
889224 438253
262694 436236
919488 770819
668295 3617
532193 856236
55647 322756
63298 485510
491116 493262
976228 481804
370656 110734
79748 643208
84058 731133
827111 580090
448078 247746
258726 368521
272097 735563
359987 870237
635238 28459
707258 908027
346910 919709
927311 122772
863648 957800
137324 172751
42429 421192
423796 917435
651683 913591
298904 106102
509859 163810
847267 265399
409832 374078
492789 706224
40800 739762
19838 390154
602742 816582
833818 421669
258466 628359
234424 548920
251336 539259
703977 283613
256240 552409
584857 276025
760197 903971
37891 805288
388244 76343
417679 515699
32723 184329
549090 777656
263046 319302
484653 301348
203384 724616
902948 410383
356751 745169
755395 928475
663016 664666
218503 596097
427917 446133
109059 451944
415163 714807
994601 323056
502548 932928
617200 573408
506083 447519
64892 750408
989792 994963
655662 158057
779117 423569
432202 790994
20975 866625
162644 941777
635636 410160
913954 370423
702945 407671
26263 538176
418156 50338
638899 985750
542295 292595
346170 852037
232804 169815
130031 288366
160529 148665
568593 451526
503264 435977
180644 705786
598688 472138
672101 562886
465495 408346
865202 391619
165721 729017
330700 67039
281745 728300
921085 673999
293470 387312
549491 167551
914922 17145
806716 256735
449340 693782
482752 353968
739596 51616
369970 914608
652641 521968
600424 791318
477318 720974
545826 419353
548324 491023
736874 198192
800555 988973
392118 331208
735217 554458
722829 795578
664667 869604
654967 364338
224126 706991
356795 255938
757394 460799
788549 810622
851965 445937
340582 256294
778100 770322
593949 464474
461415 75042
389533 337883
366918 88650
677837 565393
614651 575038
442892 629974
172424 94503
313516 948089
967688 973430
794419 183427
733120 390931
635216 150350
421164 713958
77489 784903
749944 240798
139158 195753
746066 789565
746582 717131
309501 68254
168578 390717
954625 819353
51322 470719
827628 90256
524620 719755
604374 426692
406813 363478
902919 579651
594425 802879
899591 315399
874142 128483
326968 907700
34965 573230
532066 874574
715271 130747
550444 278583
843488 147648
469094 683302
584665 713661
625668 441366
108770 649071
646808 639501
192698 542790
986657 545909
88441 601807
551995 853236
738705 54783
692185 140237
977134 111234
266453 282168
210447 537749
308257 36562
500743 858587
733576 662880
725337 709486
683877 162232
716646 537997
826093 536950
697421 865303
45207 205091
329487 599031
734768 358764
193137 810698
992416 184058
748416 114829
522208 950131
475236 281526
185193 509957
88132 976619
453641 994750
348746 953261
819698 986497
937932 719831
945632 937609
265195 318261
709355 314243
83984 723391
852847 907084
403798 25502
896161 794533
901342 176308
536901 233898
53248 885012
854203 158487
254535 302485
102094 838761
613610 974603
324777 353237
979623 591439
239009 612306
63334 447119
350001 374178
908271 94039
329015 777958
253905 104322
980026 991342
923717 924294
250543 272628
875397 56305
970871 510051
225328 126473
668386 688324
251904 881446
270080 968061
575003 896545
483770 560732
579406 469711
915603 620251
80719 173084
14865 408330
567866 296017
394849 636422
423968 39629
722734 113600
414810 756790
431114 215166
370520 498206
310034 494410
785458 735996
975863 840517
212169 620153
148035 820274
869367 429652
702198 985165
890987 358931
571044 831036
180173 637678
90993 411799
914854 321834
110934 650589
899191 53964
648201 247472
382527 967220
553241 926879
229322 566106
137331 222585
64572 135400
946329 100640
889423 370147
215442 246576
740187 392776
154538 443457
753933 447944
517121 419282
330144 901791
82247 869762
287114 235201
549844 525362
842079 132972
688753 679594
391301 912588
729365 315839
721021 884114
892510 277610
292677 712283
108985 492115
743262 655300
813759 615384
819261 266501
32230 480673
855300 481612
24924 750676
538057 404719
698169 46678
220566 5995
110040 50419
50330 893678
217387 14840
205770 880479
981849 220712
484581 49983
321096 10179
210139 59780
601564 757007
42193 346935
185288 298703
271746 866935
86705 666875
877052 571596
404568 93726
46278 782021
160104 150365
281466 578823
945780 484013
856480 931699
423096 488696
897481 721158
105369 591434
965465 723694
933247 23237
386167 527211
266093 219179
716967 840491
138544 123390
929518 997480
546783 36900
8179 212469
721616 219672
898911 540550
618736 757440
836751 809750
909632 401018
842645 802846
767079 87859
356287 507414
158615 259218
448418 534564
208915 340211
998442 576416
179658 494017
841418 270484
459608 420796
798591 182795
89089 557923
693912 768766
313703 134787
600131 139789
292419 312391
174018 969886
493123 834410
571955 757805
172725 941417
728581 785201
190809 130524
730452 221899
413153 307170
847622 349326
888250 448830
439027 602907
478789 972310
381243 8935
316101 834235
377440 104417
567582 716794
668056 868646
671336 884530
663345 537668
128970 790329
161210 292373
487292 939638
229243 34526
714205 22309
907568 638290
230071 951668
686645 898717
287757 955648
118603 114644
223429 286300
146492 507254
218801 229264
448981 770872
615720 511953
983965 449296
640004 56560
703227 422225
673037 168420
136877 566395
312135 976207
685438 413935
543218 473459
931490 959234
434133 898165
818753 66563
951424 130774
204309 268010
694896 889168
244228 474073
716569 97469
895639 776756
877517 231107
351386 318010
928070 373510
524792 475042
887751 254073
393289 284626
734066 628793
713020 448646
690220 424516
986801 214496
648956 981463
700001 166536
321555 216417
253428 362553
96129 704778
322482 997113
620428 815980
736789 626098
689194 582391
743547 829591
58803 437634
246111 889216
55091 508832
902928 166503
787634 931397
825269 531419
120978 372207
566309 631811
416862 496979
859354 795291
574204 410717
270677 393017
943023 444710
548852 369122
240940 237168
562088 825235
895939 98529
886419 267357
945127 692106
193969 13672
3313 785276
75794 419842
544254 688309
710564 159453
628474 763241
369241 835067
629912 5091
858484 988405
373581 627285
894370 780168
881593 981282
747070 607742
89541 772135
697422 364981
278769 954003
684041 290103
589809 6983
593660 108525
717646 791610
163258 726219
525031 876971
483090 366128
901424 980818
576693 745695
741739 914313
215501 544780