860665 112781
21916 164124
305823 864005
565680 72428
830279 342411
598190 16863
792594 365513
365026 616736
599905 484032
131440 836884
627695 53469
818049 390977
13580 750180
923976 747145
899954 278345
664816 250005
733510 470622
351140 62605
404652 330085
981370 519811
201095 284039
584956 927151
804684 120862
784405 761621
70146 774637
916309 778947
198808 692527
120033 474614
812386 447372
359674 242652
825394 689320
438952 117237
785167 208150
440898 121299
227797 901099
40285 824192
226664 879532
904911 75326
270358 957865
565343 584425
387721 191139
276875 61113
636389 209896
999028 53028
764036 200448
276522 959264
721803 406528
640272 400774
636265 193339
621932 110674
776620 964824
555085 278471
263103 403967
302873 109103
295492 507053
820338 334080
921290 674728
803525 165787
103851 192716
174191 647917
81797 568067
645067 624824
242067 385107
183260 921260
628839 826321
299732 134447
676550 315443
658559 990908
114208 612163
314447 685671
473450 384816
507652 534079
98266 185791
993784 844684
59966 117726
48452 80759
744954 618393
157970 105865
89884 263334
128641 342284
462365 844378
768366 6989
559543 746238
193958 208003
108381 574461
274724 764234
592476 97652
15880 96776
372300 355756
194711 564464
129842 512420
353513 103589
963126 633222
746803 276982
722555 405884
418481 3080
55520 157980
393328 333457
986387 632895
308277 394304
709389 299119
389646 134843
936302 143550
997939 244544
901877 393716
752535 624109
33819 683360
705169 657627
405069 600463
516066 611876
844933 47835
19042 559813
349700 263450
552396 67167
690286 20280
663266 138008
376961 46687
324414 794526
272627 666770
679927 692172
8872 473305
372972 202213
545037 760407
810800 730492
475924 204087
548818 845430
135116 542853
540231 595496
534491 653977
527286 867802
425691 216173
882080 9709
699599 430992
370923 527000
853057 120436
903050 701518
929977 86945
786890 330748
701148 824460
267066 70190
907998 151491
260344 906513
277669 228479
40788 424019
18684 905372
186020 871463
105712 568356
711780 534372
842635 761159
648583 460493
813482 449831
287582 684843
635517 814928
77604 413207
364827 573125
846244 981332
883648 769397
943559 921816
777636 297485
532094 59051
855928 694759
34312 228841
675583 519711
323360 214562
333895 653894
786055 149280
422404 472816
515433 262152
620999 512808
764462 800025
620192 880580
405472 945426
988045 166099
993268 6768
951261 384434
314871 827989
981349 10366
606742 604292
529438 461155
909386 150537
99226 272339
218142 247798
762401 591635
702046 481671
733356 946351
31710 97703
34365 797262
866404 741644
243097 564128
740403 127485
893731 609268
112629 536307
353751 712485
743300 410333
859359 378932
771989 227966
384661 64114
930881 224818
292246 734548
952305 912590
355455 910185
328102 280484
624135 312935
203299 71526
324089 166561
546871 102626
911052 885141
260010 891435
425120 514465
107588 68440
515032 234326
871988 418854
797646 413349
370852 88441
260407 785462
554839 286463
272469 179544
13691 19381
851283 755794
632337 520644
988288 808216
444981 486979
576107 68826
949516 444320
64791 569590
753930 939864
730267 654093
835678 584675
463833 373682
220922 151150
195416 54079
262210 690752
863809 978434
442768 166590
322995 791445
194914 56906
653571 460619
488417 333317
699795 989830
885966 855925
647373 27046
805323 250050
974589 935068
324612 909083
590345 413340
372920 936502
502349 717681
725864 212916
395159 895338
544922 71714
841084 188722
25802 480284
189013 234429
360366 835980
959065 838431
548389 517904
275224 390007
663931 813882
475474 228680
961179 898224
242738 495912
381202 478708
685226 107217
82363 685694
701484 86420
293197 569733
770754 636334
178813 762014
855498 621171
398865 565307
374610 785255
925059 79956
164684 32108
495950 623714
61870 588693
551768 977928
528424 434840
884219 796557
420803 612194
79921 366596
970131 220613
801180 284429
888984 228237
490160 916980
876535 650672
140926 420278
445456 123299
659741 462180
970620 777673
85495 303649
645668 296966
480173 560389
510145 936434
670504 309284
480299 946218
487038 653161
914912 483264
758140 956379
290836 679698
515670 732866
838959 451320
604008 590243
780392 510679
900008 643302
921916 509522
479211 910233
409994 437985
751440 871245
911438 400250
196301 943134
502520 933227
525076 379600
533928 772617
460385 831701
422537 81282
571107 581548
593031 144271
151684 496483
157358 866630
425943 803069
993376 356876
614365 115758
217203 235048
238644 180739
166629 571506
714909 598110
360188 752490
903080 436639
258367 798245
631614 911839
237898 965281
231883 989142
400658 656826
711110 513948
759542 753782
513630 51213
175997 459898
606851 188933
723698 700640
227277 246218
295513 721952
406733 272713
697805 122539
105455 168953
652343 496214
453960 329500
317997 295603
99394 870052
877349 869756
280353 770930
323092 930025
562673 314361
849063 732577
604430 907201
779869 597516
933648 642376
991743 878983
506577 777795
480957 976561
700124 612162
601831 993378
871667 3889
695940 384572
444989 68730
338898 102041
114570 212552
265307 1124
458500 227751
381425 267652
783541 331847
340614 583154
484399 466336
634026 968747
13404 330415
913377 593089
350498 729438
21920 502861
7346 36545
226660 184127
506094 885565
170736 609430
489461 709507
535137 79402
280460 479226
154735 772582
878634 285819
308162 730324
870048 283318
929262 7505
495459 867633
816397 701791
880631 265649
922360 605145
465338 870129
498274 52993
823499 106703
536592 740534
758037 528710
731577 157633
581180 830998
397622 484046
404130 439616
983589 231031
196118 898093
92960 788732
281626 273007
761685 109967
527823 601119
122242 944012
165887 991588
870224 800134
230791 887189
528072 721213
919263 718390
944374 390891
658887 306271
23577 309693
827152 34491
672643 25631
620869 595947
79828 69424
329908 773962
280845 140629
379228 477644
904723 955241
99124 725311
85699 753234
270486 170740
849772 547439
414598 953207
444397 773485
368291 20921
116268 415737
47337 50191
612848 33552
492513 947795
351644 768498
63910 251880
762889 722100
766996 953052
91966 428405
93518 858086
494479 168873
778668 577294
716367 506449
698048 712044
645363 494923
859011 49224
967620 780165
245665 788001
54912 792845
107614 764681
728014 598980
755619 657645
493981 772850
494569 678963
190936 101427
569537 804988
300999 53262
27133 81928
965125 290022
190719 530297
235354 821769
434332 98160
377780 133285
73068 702100
18247 799451
250736 67377
741694 261356
941600 52476
835996 754193
570577 341685
57524 604583
758720 319653
455553 939142
903230 874119
733219 317810
754167 3075
710519 691242
755744 150357
893393 536862
724413 646220
815257 738942
871628 590895
625855 136110
967249 41658
63708 969173
577663 975366
369894 855509
326208 581958
87056 458773
196257 975661
997628 136441
999197 862894
45854 732595
233221 431963
340462 899635
221448 466735
766089 836218
60005 565735
740517 406604
335530 317194
791727 996612
712423 954634
365443 967169
622196 313731
997191 971198
405212 424480
614437 316096
982629 742877
317219 549288
826685 283750
262816 262248
293699 494687
616749 97683
477998 772413
696325 295628
412702 338641
125482 2144
976637 794085
772510 476016
689682 402687
408700 371143
136738 347906
122609 717194
903043 727028
878681 879885
287934 422555
720570 855042
853856 802496
114967 834892
802782 938133
884786 666866
840418 377586
500066 537262
941494 176315
71116 115813
999244 521694
480705 632050
573479 536441
727028 705499
151786 455192
974742 666917
591739 105948
961488 605124
5716 392311
485660 400810
77798 537555
189505 707328
821161 798418
432425 346162
663109 852208
817632 878949
972822 576389
758059 399940
81696 423336
915203 24760
781199 335213
587757 324598
676584 654542
870583 220082
810130 763495
769808 756593
427003 321243
71173 138236
77352 186389
706708 78832
203741 573545
429295 270578
5605 893400
936782 706945
693055 48306
834993 781284
909861 185878
974961 528962
309178 426581
521538 302736
387279 699189
775496 283684
939346 731857
997074 794281
716499 744670
538359 979244
886068 610440
549003 654034
54893 655162
367294 62700
889210 943421
724242 635107
963297 692728
636920 625102
454819 52053
244741 689699
973183 628229
925078 426441
654621 597081
113533 862155
319070 506001
942438 610601
538685 686642
706443 854473
145314 944528
586319 920139
293251 486764
134139 972281
466167 909110
328404 622237
58969 282611
895253 75693
698069 108025
969230 63714
366738 226648
648409 971111
801596 264275
211508 908524
474669 16012
239360 951897
793847 781245
390357 970080
467728 243682
269888 381867
604507 86453
631514 805877
465487 904785
735494 443445
286278 366456
858758 161908
561060 687984
818171 393728
116962 484232
532343 918457
43126 305912
380352 750664
31073 990246
134052 39152
364820 161349
59700 15932
790400 386264
473118 421464
213369 367125
387051 910140
125190 95524
836113 287811
972935 133126
850550 164122
148163 218515
875714 730195
848397 698267
185567 856601
276819 290734
406608 169342
654147 299960
275691 868721
578458 248388
753588 393355
953803 117793
429912 281352
608520 558754
233731 690322
541935 755198
897310 790009
602772 166360
828776 580288
574951 971866
112560 561425
262978 151674
998508 751824
382610 64415
546617 873420
552031 797596
919856 278802
811129 845402
103521 890716
914049 211989
975727 536295
307409 599933
193416 784098
322889 157884
733247 380482
963575 420695
956423 400178
457890 253614
311694 38632
413747 129245
324403 885395
110273 553605
617062 159152
700600 626533
171611 343292
506660 539809
335467 937284
699744 850149
655367 469208
857429 780003
896985 668766
909617 542584
336953 737986
825318 880429
896520 479691
748188 740120
160749 581129
94133 793891
800874 700651
769914 492836
758042 577389
690279 274540
814729 228526
387407 219996
562416 471903
868141 75120
496907 19159
679817 18335
609497 258756
732164 335643
628399 535805
41856 996019
166458 145523
444014 474648
444751 865029
797557 839421
542640 568434
303356 543447
762398 169640
937940 371204
226006 973500
118085 54408
555305 972211
251188 919410
941307 483197
739821 772317
815000 931457
587027 475282
551918 456659
630945 517131
707883 528067
2332 285523
764532 580239
397847 333129
827326 201336
551074 537218
421965 296754
137232 94542
156551 940596
382948 173395
98996 541616
831704 80214
622997 220061
40201 71257
932061 444463
184834 488606
149008 878760
38627 761993
199927 541960
643501 234915
340029 689248
638509 940411
516586 570053
725251 149031
286265 20959
614287 323432
48663 623201
236983 219243
820923 272659
449302 844780
326941 626698
898116 812214
982676 824570
821118 796357
332943 841634
330098 670988
273839 256485
345002 260561
584384 825401
582354 32310
165587 264504
609639 545428
685369 614676
76031 544768
357918 758952
609455 413295
665151 171689
708252 273334
766921 13755
535201 795753
115344 343520
349722 466917
36776 619659
79627 569386
154340 206611
71665 296416
18601 500995
11554 377466
989741 382734
634787 62840
807634 904607
299846 160582
760857 589327
222910 505794
813252 380144
895105 76507
853901 305670
358744 126933
777468 448214
504710 996201
784297 29526
298963 213128
753102 588803
477556 321472
699464 794898
9880 808120
66282 757246
783761 434069
695550 694080
858589 389055
799129 435805
267601 989694
653978 70361
116065 651838
685311 792649
305998 310577
656291 436102
454764 54355
361944 571197
708239 542601
858845 384164
768210 504547
530300 794119
542531 791681
993539 451008
301806 876177
782620 438981
396228 211574
637899 7580
223080 641412
157508 921577
649431 236136
607591 64040
55537 288677
950297 389493
437352 571705
628544 301128
526340 381406
430042 973055
566992 40044
496507 191892
936549 249115
870497 858990
507472 162726
39669 394899
719779 226892
91169 407546
804693 714033
248072 630398
701974 494369
999847 986095
118772 974708
711750 230019
642467 402956
159450 641450
202988 871291
900986 198015
561589 190338
739452 781786
115561 493940
172588 1346
951747 902394
362408 974528
4412 799471
291291 14414
579791 476011
677140 480751
608166 90461
171330 272088
664675 973586
761742 404876
488972 356626
864085 685765
753939 477993
359809 63438
78401 380675
240515 476846
940479 735473
77679 594174
51905 187784
677555 32284
699599 391912
280757 187640
737777 735514
347081 760203
22583 572883
509196 853736
211170 391317
517407 191595
293235 399285
56003 842510
450253 269815
571086 674586
475529 796757
528456 539962
353879 628255
8805 351402
912011 954300
928862 640271
689675 944654
98542 459041
442580 62452
991782 249539
385444 676329
418413 196276
912136 721993
802264 414813
520130 885940
627170 131786
513750 648587
787336 879414
61425 712792
775492 325502
825335 607626
869219 686136
360232 809181
795077 310941
475630 242776
848945 520161
391301 69616
295506 74951
449610 756946
467072 228691
304350 989330
967042 692825
569079 138307
120438 21509
905174 895268
420188 367686
845047 767960
843895 490362
122027 468003
952899 977592
49124 75649
247430 179769
375951 524899
480063 500515
683676 711943
123899 156404
250905 600178
517831 792135
606268 501261
393856 156870
461503 592730
493958 768045
986662 980561
861135 270647
218716 291739
328280 604007
611963 906154
94517 937204
218987 655923
868618 262354
237025 551817
320978 471961
403209 463383
361884 955092
112959 886906
495702 467113
140278 492857
735042 665376
514171 88994
534661 261265
788692 776066
135070 93870
989122 788416
931316 986474
671974 668118
963912 182149
739776 307885
507913 451958
533074 88212
111430 407860
529891 682398
694654 712928
738271 637269
970067 185746
514460 421086
633245 721406
169911 123883
787099 829507
115293 387158
144901 144080
487078 505697
976061 702387
627035 672967
357155 960832
519512 486846
460487 325082
518797 516428
333818 237857
546846 648771
112189 663864
646890 934171
246427 318897
679209 496298
