204259 718073
652336 501203
577334 187818
756572 395563
590694 272258
489515 657800
202823 245366
326658 429262
184893 104495
783358 389675
375422 702564
88289 529197
682140 664761
533252 550358
475215 270417
504843 983662
484865 679474
383645 673531
585446 62199
850810 140217
798017 176140
937858 340325
769588 517192
621688 780869
170544 470833
173397 921398
450596 545967
210728 778038
328396 649088
435858 260332
760346 319964
515790 940701
130584 245211
823763 899435
556004 716030
892171 190925
47602 354022
387566 346381
127250 333542
320727 9254
447005 814147
360114 494124
788515 897601
63041 87194
863878 633263
953227 498899
439600 624225
385788 469018
368453 86536
802567 725903
916828 924458
794832 211090
557471 480783
814325 182398
708005 201074
15221 135053
145529 155010
568963 891687
978881 934044
567308 148356
647256 842759
983336 36887
22257 603208
689745 369125
95028 390711
831521 8664
219754 528209
8992 142705
841455 293577
11003 823317
474722 65812
737174 26224
434263 620252
70648 306137
454494 929496
772256 154308
191196 618102
221310 271944
641069 213453
120516 427407
436071 252450
297011 468389
127446 655825
465755 306003
645672 968902
34714 476758
19335 120395
256999 288241
110730 453598
383095 327647
481956 81576
699678 671703
459999 189504
919309 920989
864748 617421
869871 556178
24567 300820
472997 166882
989237 668366
637268 938752
931863 634909
271656 188334
476575 467550
921148 528655
856303 103658
185234 820595
8650 854611
560467 884913
322254 468650
86071 479776
35954 187002
487822 472294
155528 576874
761592 960820
415924 144765
296026 398860
103546 864139
331689 567683
612690 96474
200132 769190
589785 985345
839956 385366
786631 114788
583438 400423
396552 108885
295888 185861
658155 948858
42084 783710
260882 330035
991152 803676
718888 193159
57298 287178
371213 822435
435261 388988
158178 500256
485601 151745
537111 264315
379103 325558
242333 323743
948980 478893
664754 638885
587744 244868
544931 839261
685648 146180
949857 322165
515324 676800
480331 668745
7532 88975
477963 851544
351800 442793
110890 152493
416808 353754
679312 164354
4449 795912
791157 437997
76883 953429
198298 455912
811525 180979
843511 259581
581746 497174
173974 793368
978466 613423
702398 654305
22202 985998
945144 696713
849206 890354
244108 56034
220388 266014
578278 439772
877770 224837
694619 369436
341700 471005
168336 409269
668850 153225
166751 11847
805216 766948
380371 340726
511383 783682
286032 599121
295834 533585
940292 231176
803563 145040
927407 700752
140525 23951
765141 505685
875121 534647
5652 459760
385381 216821
886399 173988
185835 54231
337531 53150
910228 507403
807437 234255
833376 421612
471549 93470
324646 645563
306955 928193
628946 644561
184865 234362
256400 769471
304118 950006
926118 647873
381047 309770
110 311499
882082 267446
320596 702297
726053 219613
453868 747177
168789 533490
626960 803597
449160 156690
84884 467959
112520 756115
506830 713830
483301 297385
763743 279582
927455 303771
129893 206213
34064 308502
92300 646355
348652 916146
135760 412897
676426 74705
608196 105980
909577 845215
518257 751508
219467 358737
631205 603141
316971 848340
662077 654387
933969 316624
136747 425821
148386 861424
686279 266640
912995 182451
98597 778579
707828 778000
852705 750709
373042 384254
745821 977253
728762 282619
157709 264079
867220 464581
829273 305266
959653 700544
533520 491351
433524 409974
271398 670268
936908 581910
280713 957677
736257 366256
144256 379311
646372 444085
344692 513313
490567 19414
818386 90513
354592 735681
716614 492447
797713 221813
438709 545888
553591 273718
683692 972229
642497 503467
601729 471442
429120 95758
978366 882443
261754 681729
642166 638974
152287 424478
960245 986858
77372 642854
894887 294983
787430 431964
170129 611502
673742 101495
375213 608838
97420 743685
247152 575257
46699 256269
352027 848881
731324 475819
673900 846745
485719 509430
450261 316067
819277 638007
797213 410506
705489 896649
844966 208453
819955 9271
110766 15095
140286 10049
753734 2331
577588 237706
493975 517238
366119 624287
616459 362355
209100 613796
123226 806711
122778 211172
849179 89839
500345 942056
355057 162744
371197 722186
247809 200023
731471 707504
233905 874927
877258 871757
109463 503991
21229 454846
595486 119790
482145 903701
33849 728297
535008 207598
418770 673427
763267 174139
632547 784301
463397 779964
502151 987604
703980 350947
58451 266312
141240 435451
307208 808709
312700 18498
989697 933023
52813 850282
753983 101535
829832 51311
775261 787832
461259 881192
55331 710383
11036 740878
520843 687878
191835 474433
825380 22994
805658 895815
847618 400184
725245 946898
481749 154826
604201 37945
888227 471446
89333 657014
224677 158562
462746 919165
316709 516290
226673 440358
181236 372041
576271 237709
228495 702079
241425 768106
180273 570227
486763 47084
993982 27891
699069 212008
766306 475731
463529 303270
476637 170885
329448 552862
988379 701314
733957 308546
748904 305089
193482 960630
714692 446493
148572 769753
54212 459539
29766 906350
953434 234485
778729 516530
244890 463768
455852 477798
781069 11196
182082 435733
504948 257706
475372 27882
852780 493327
314768 725681
686312 601685
564530 508250
278004 917356
376895 229454
135804 332216
83053 923013
439543 605590
585711 861782
339581 200786
211982 557915
993648 637002
894708 910416
938298 498596
508276 886432
612114 791079
909116 823044
331295 814778
732134 989998
219452 125651
457867 625381
548394 355257
477199 540920
919055 504290
705076 62910
620825 258636
895638 433410
343827 130826
629422 306698
709482 798477
105908 654050
477095 321596
652726 531376
521374 324742
450393 901212
526593 257179
612436 424612
481884 74988
579278 89635
668898 400939
659575 800706
234116 289723
420549 71565
378263 94295
409125 566324
220374 87746
925694 31385
562762 213821
538563 94773
995985 600488
857667 988956
929920 522579
113919 986455
76091 411805
812744 209549
526607 261341
551064 472320
60237 760723
371371 487966
54290 438501
42599 780496
811881 791016
4838 484645
579418 890995
491484 59753
48710 575404
614335 865503
851959 494982
906787 728254
454155 928050
189391 719532
708204 980762
257837 256807
744773 768441
723294 145560
442408 315415
622784 765893
250539 254290
661637 627622
687375 829957
921713 669473
534977 252437
747420 536048
780654 386936
831338 654207
890091 751161
248275 537081
310240 598295
883089 506113
651673 55014
886781 606383
372277 94082
864724 509565
653539 139168
485477 42713
712187 857267
109704 407191
459591 247164
150452 373476
544036 756598
507759 981790
35223 434127
548775 756035
778500 345463
916829 431864
38247 946525
556959 803611
829528 926876
66044 938035
980749 483068
856687 67874
475065 209288
456452 966391
339868 451008
207606 123256
105046 400256
834383 231718
504105 656621
2084 383158
815022 798957
745482 918914
238877 369622
296498 302442
240477 584757
584177 878895
946769 737578
946866 440864
407256 938186
389194 919670
42926 263476
663732 113153
861223 664324
320945 14467
913978 881680
680637 839382
758296 245352
614974 426119
244913 513525
98282 427825
306720 1743
739321 682460
123324 769841
708027 686188
605858 46932
826760 613573
243078 165137
829461 6844
21312 104301
502333 666759
506141 935290
696994 182970
609090 780789
294314 311969
739794 854003
855746 392596
591408 562866
332707 111420
313960 714733
278017 40734
170659 919818
601307 104778
111622 413738
34391 947121
613880 132934
584576 536725
719695 120021
900810 281571
109892 845137
215493 711476
104072 366038
928904 587591
699011 211833
926566 777963
335049 12971
449142 204583
825713 505708
435798 566801
513922 937336
586622 986542
523267 127802
764175 687551
485474 759314
120804 181337
892813 595366
477756 336297
440240 513238
725071 406660
700975 655604
184927 167989
888924 36024
541732 150421
717223 230990
168326 493883
480425 231145
875300 271300
958851 520044
795710 639475
337165 444325
556043 916514
769163 229978
259568 33799
956811 209404
381360 500991
185332 657786
693810 566287
716709 590609
821599 751895
245778 433932
181429 989925
261225 242555
762599 56729
212557 736429
180754 558309
991176 549722
296052 736798
286949 276691
2447 555621
572964 243761
901547 383807
950095 758297
348906 595358
863605 183156
133440 170505
676782 625735
868290 314869
887951 454359
190788 147241
221902 100508
650230 371543
624693 213078
489770 462634
534607 911642
155403 492217
392377 107572
382221 573303
685013 342472
41980 247479
417984 548618
174353 175420
490289 611118
65477 558995
706236 378240
995100 256266
144161 928138
141217 161682
624317 285206
196848 147339
155908 158924
782848 868604
958259 548285
407109 165069
412548 643272
708242 449089
624509 346884
958002 398947
957942 631151
525743 539832
312450 664178
592316 520844
682526 456611
741817 249885
913576 306843
982120 455017
839973 585837
650474 764968
930038 798232
441504 573936
23025 342586
689471 666098
65045 163887
795038 163825
703657 22987
203517 320781
357977 16107
989070 312186
78423 40504
347347 730887
702257 992000
94189 329467
94436 542230
340463 744663
318599 540826
883412 298319
964418 857977
538216 89235
253061 29463
568803 849606
170387 473070
489178 772320
84506 44717
85221 994600
725488 162930
671282 948920
794740 427745
486327 281823
26486 405528
946354 826790
125110 861438
235767 346118
435354 89528
635343 773983
623589 204767
677837 204146
976467 310328
355045 683367
677968 577325
256607 440266
389187 919808
863905 444241
726064 183927
105807 350232
177023 268903
130341 52161
398279 818485
908013 366108
656443 349985
554752 59708
263855 280032
590360 748942
948661 756674
850351 945406
902024 142981
579141 106959
551200 291211
991490 443046
309631 277265
546168 613649
665810 3006
821491 192861
75321 580442
930427 245856
305564 731764
11796 1532
266826 85771
842445 118508
63914 215487
874821 692797
316108 965939
773502 453962
413361 867308
660925 281345
894994 722992
725998 723445
432658 77157
657599 63841
309697 507979
239743 588026
105910 131613
217385 767891
886400 372736
104576 576182
268979 950314
432605 979397
949711 585087
968748 722460
520157 363072
602416 629673
869471 931503
8660 328414
908607 302129
810109 666259
770638 218304
866270 566204
334096 876548
249285 83655
659837 220496
687162 353861
849610 445169
546608 636120
874932 799321
678746 515356
661382 395089
326592 281162
125929 530853
832982 335253
517864 34536
769193 159443
725648 288502
681403 151815
235470 576096
312944 447040
317253 411659
856828 516458
152578 166863
482536 403437
435145 27510
422599 677634
958797 96527
143732 265544
117149 601078
151966 493067
168862 635013
439868 437511
589326 410862
986958 637623
84663 341148
752808 299902
816361 401916
85131 125988
45777 485291
29154 567667
245302 480923
93802 968105
233649 720451
837881 237535
246954 350798
502164 989847
427359 415816
826679 458384
96007 533037
874186 813637
629892 180670
98938 626994
269334 962605
964248 184069
268088 315112
312387 993402
961508 29742
266545 406189
160076 711509
578660 104426
610626 407030
339199 80824
55560 554337
87374 165878
495867 151567
848589 961560
104906 642111
121068 947527
647948 374241
689353 601669
595071 432388
462131 1740
924281 72931
300793 245028
349455 84358
7740 879453
476629 476433
30770 346939
29169 532189
683756 118144
596057 41389
199852 48697
996224 700963
75204 320921
922590 644172
592912 280909
282649 34013
623297 571395
816424 723283
807641 924090
319895 682231
158664 331733
195025 796524
845065 705786
823930 740546
781935 45173
93870 936339
637303 981788
819061 90094
250618 228859
509769 741651
292016 843530
414926 308770
548405 915313
839403 747702
429933 872398
204132 159298
472174 104949
810735 915509
656055 317239
362412 151017
87357 954343
936131 456282
62728 241012
986223 755192
13195 829698
673229 495992
321115 305211
736877 604507
352209 869520
741919 576280
251931 298494
403443 462403
377912 724105
557697 730530
881547 550319
504662 920109
892744 485256
726268 440793
712337 471824
301523 712492
724836 241884
63448 974752
95611 562303
948176 800325
892957 964172
262666 206447
668850 144888
385346 182461
912991 563114
113433 943043
379504 310890
796147 618096
575241 788600
260425 522415
751259 803931
45815 561948
53052 476096
38399 625615
425940 148663
629187 986575
193022 835250
496490 408205
590666 378224
941338 881836
341231 20009
330899 571124
705572 237088
542040 127046
165814 280813
601096 802465
880765 917073
393169 163264
788879 933817
598832 947921
450848 731172
566422 744371
152576 643871
22095 579264
461101 259594
279603 479786
50910 318684
555772 126855
770253 756482
553647 97813
416630 452419
369493 154744
834360 297396
747565 279014
743287 623239
870763 862750
607121 194136
838007 953537
532802 759698
19292 376454
372592 510255
828939 815248
942103 423502
696336 901064
515229 228708
681128 766336
921080 448211
745607 566973
845987 271792
895031 9525
872275 105627
299763 282147
235684 479396
755446 654122
30576 284838
795093 291091
106339 403169
343023 140385
41449 564794
793502 39360
805696 73030
521241 990982
557955 243128
514920 783201
792726 920295
25922 926303
724802 181353
177101 325685
979807 476839
761677 932548
223639 526735
446256 73123
213508 846330
411124 789280
344992 254957
327987 720978
228313 150688
910168 849228
632429 786268
222915 941440
384095 941507
122860 765189
90874 108898
585737 299962
232510 587033
630121 863766
936889 972501
818831 76377
865657 150397
921706 746307
983637 210649
877689 249693
615274 211950
514571 787857
245649 764055
705563 253838
19028 629745
254995 344775
644737 626254
729640 357084
220850 393599
366100 359761
436138 157740
824489 701283
963942 818148
28797 746196
512241 947580
675882 422839
727048 127515
407923 190453
444292 972698
118795 113486
458261 463320
89574 373790
730874 619351
12950 819214
695327 951724
625816 895403
113038 131466
949614 450306
