719218 970866
792011 743139
369902 744005
420411 469811
475725 856258
598645 115238
69825 402997
97950 313386
986023 489412
621911 73325
755319 64219
328937 98494
910163 470578
87384 442164
784287 266726
95661 359144
523747 239899
504872 846248
886928 735881
246065 466115
636518 440293
451410 731660
866736 579700
548300 37669
900849 389604
679557 856002
664873 778421
578666 337153
402907 845320
71489 987799
246860 819770
735357 478437
676956 559779
524086 451956
170251 274881
4573 84465
581417 814462
80 439958
862609 715153
365307 815320
599493 723768
529698 88520
276075 684883
957976 959840
770374 780060
124039 167569
273533 601740
816280 826602
211897 498464
538573 614340
669624 775110
718580 617172
586758 532656
196225 471455
532395 994373
586350 36205
256737 67240
84644 192507
209734 752025
604314 728298
90344 104635
143024 11803
836339 290800
603357 513185
917113 380076
643879 636622
74613 390188
50245 96791
37782 786778
931317 460220
279607 531050
801783 251261
926056 348688
721461 870871
777073 130695
397430 447539
937439 804968
915699 933928
498430 324568
496060 806247
691285 928274
234346 54970
859586 844938
993452 569563
921758 360575
42028 131494
789943 18438
607647 365826
689921 163802
830678 898074
885545 76292
855832 548363
938145 67465
65313 573343
736051 767738
600711 765230
332411 589750
116100 781543
548300 477384
743434 649936
677926 419214
396160 177612
270485 844625
63503 993882
235176 695496
574610 794118
69872 214159
203655 430720
469547 43411
317328 675566
895420 423764
258310 950733
722236 966745
443709 634801
457382 619561
21620 101564
723766 112358
835763 994660
336986 723098
820907 226186
144861 719974
285982 687008
896374 62749
947428 46890
784198 979102
35028 648042
611427 183674
99768 994992
78436 982588
243347 613847
345813 238397
487953 932179
327494 671448
942431 314812
339677 681143
651549 575931
500417 762242
967433 641775
856720 307048
375318 924127
168105 50604
131302 857001
760862 392772
512107 746316
551175 80440
156423 54827
340310 575794
960374 53320
286544 226425
342525 717166
869888 770425
778314 583936
188502 962519
276360 152181
60398 425268
196343 979612
502348 921480
538330 363788
661391 354011
525309 664945
282119 39645
976513 218362
917306 900535
587467 749833
2307 109370
84270 423804
612117 893977
296213 52786
968488 551626
557629 194217
632133 415197
388552 804966
174058 870603
332264 878326
702704 37475
106898 3945
591856 400748
287370 64322
854420 855258
739295 953072
653161 529233
662232 990392
226820 297393
33027 473369
631797 109500
378641 425461
340053 747623
805086 686850
220320 502800
121536 663049
819640 658721
723656 576669
922685 57723
434518 824081
43719 832898
641611 977836
56371 749287
231997 32338
917973 262911
13306 189995
579425 327200
432635 31703
211506 944364
78252 529919
935498 643606
417495 781102
686405 94180
902770 760724
280793 141434
93153 797113
747842 698255
351582 772744
433080 168734
622331 268141
609807 36973
577997 298349
371021 269628
937143 842281
172647 36451
228775 199806
798524 549821
789366 732740
81337 268680
616271 467895
595500 83400
839001 136039
273174 416460
837966 839409
343447 384983
382427 895511
578529 54488
779103 406373
354360 199357
676235 657145
172027 731027
325005 922555
25914 544887
733962 384511
962570 918102
761921 918385
82542 151655
94971 184796
41882 373420
67248 556326
927103 116644
333322 603244
739828 430160
254787 407393
83791 640921
662479 251511
781345 935397
742016 621555
521616 622757
93225 262401
56543 277312
278347 117338
267200 524668
289891 316768
553256 506689
626599 470445
933735 369243
562180 923740
671565 483585
420873 113364
380876 242832
927658 321123
920212 948829
804476 78086
71140 71337
257146 410462
509522 953989
979867 415812
438839 804368
766088 178137
869321 760236
99377 173443
720918 681392
32385 740017
413299 971124
928277 762519
821484 687477
767487 220179
142793 927691
811761 413022
210969 761083
869315 48149
743293 212642
539839 933942
724554 582935
23536 102142
613555 616875
83820 723732
584742 326041
345323 28210
631099 804154
818955 983783
216836 851192
139215 74544
81201 655034
229821 843154
878495 962049
393176 611145
659600 62672
107567 920740
555116 83
174145 64331
798479 469874
914196 302901
752707 115502
49084 468081
776957 987347
753774 8531
109110 193086
63809 600212
478589 902383
24411 204052
295748 229355
201320 310474
260629 95427
185194 383588
276645 538686
289729 916421
896281 342725
397821 1883
673389 618368
321779 828215
949409 161063
340542 851349
500332 169673
676914 520862
232101 45262
981768 511064
620265 989831
396458 113403
36827 95116
93299 106738
356578 628466
812666 452626
405591 880051
809699 44596
656710 105332
305373 984612
703747 978113
761504 24025
591883 144006
340524 18813
101878 237218
283552 841223
93645 867676
542432 685512
851309 116885
932393 965949
399954 416979
514767 46285
160525 791065
225975 511760
87489 651719
886947 290909
957539 396263
768996 271598
599678 158356
107941 733748
152664 418468
881936 55198
648544 779139
359891 930446
842907 813731
47319 613610
17411 607750
22139 559735
543110 923816
519591 833283
414237 869278
728652 218798
233568 103029
776936 599511
821373 956011
722094 988228
616586 588488
884146 334106
821994 832479
453675 672498
532589 306361
18788 886873
52417 691199
481295 244181
272530 664335
565834 718410
522421 790154
350030 639298
200648 421646
590965 61919
243880 112666
84305 113077
559511 210057
410898 188757
901535 845815
955476 436966
436225 871231
419854 228314
353270 503985
202451 744380
970943 876581
557177 572155
762949 246658
23755 846588
529179 492235
393478 419795
101834 98138
396607 237260
557432 182251
796309 706541
94518 695306
95683 514847
660533 525107
361850 438296
560182 786248
351907 536522
605142 964608
286397 484298
116899 314934
878634 905505
685637 650991
950802 245259
183847 78713
383134 193512
994075 205427
700658 87466
164370 743352
798748 230252
31812 314531
76099 253169
126987 789228
949876 733721
342616 151582
310808 213629
147124 756684
968388 509051
832124 976058
149672 404382
304868 349228
595566 891423
698378 463409
780813 179796
708971 858622
145758 809664
29525 986285
862980 390479
322359 858581
947598 293196
526545 764126
648588 407043
432375 990622
916537 584626
151679 333465
937007 289334
753 330801
911954 324386
606944 891982
183837 828276
983513 982269
109624 805791
716197 370553
580608 714597
203810 543926
489305 671295
730221 189817
19036 570502
155410 554617
893657 434678
852747 276871
244656 449795
891082 227375
747757 494107
793912 591618
75189 733094
633669 77703
701799 755475
609208 567838
407217 904627
299493 955209
731023 661898
614934 961280
847340 902550
19757 459539
789044 874821
35695 895367
592155 136595
340532 61797
256842 596552
793594 738841
942729 504829
969220 412026
661621 724316
695209 68063
984309 455477
347693 312845
761007 754157
592472 71894
335944 774184
910471 274317
698072 617202
882075 239978
588099 872460
766646 981104
974007 887939
108721 268666
519935 557599
846381 65226
769388 577397
221824 475245
150668 403801
504700 752798
128931 373998
481948 409214
331852 811922
566313 76279
530188 760418
393951 710534
871431 956482
371054 156827
894164 981115
25359 746390
49782 128219
421671 652445
622779 422257
838135 175149
731827 266294
273043 804058
298033 706710
410260 438763
247589 959749
900677 806977
197595 942855
434092 453197
531930 129736
792814 422219
109190 469540
481625 120726
52617 828266
638877 604934
728578 767721
563476 414840
278615 474693
754301 846140
959871 781112
136850 957726
690210 880338
248782 699559
220586 950646
577337 923756
449372 298817
461722 308348
653661 772416
339162 28392
37334 391544
104347 769218
929854 641680
813179 12638
290907 671861
683817 232848
749515 973013
534647 319905
456805 184522
378688 916759
680525 832071
431136 16105
253531 74149
224263 999812
974470 178392
921164 416146
100262 920763
66379 132197
49038 148576
243365 796107
238036 599055
848331 899817
634507 968192
374605 836206
836459 841569
709808 813458
945719 108830
34317 678259
755382 186936
800151 298420
760672 183611
369130 403618
189777 495788
347448 980097
198793 444842
207295 210740
119903 877153
108310 828303
969979 89410
440375 444783
459754 479342
331464 109489
198413 871193
618672 168863
361997 377992
708864 176836
847784 494959
290029 493938
872753 147300
124215 948081
473678 8615
583244 110469
983368 604906
56931 526361
804803 350777
846171 103458
991390 327969
103734 100665
967265 526789
243369 326024
464969 595087
331855 403753
881049 926268
55653 495812
810695 901533
412042 178817
768483 655052
32139 48026
929363 205976
817051 370824
712378 977531
196350 195491
196147 618347
972599 380597
80610 545925
139272 123787
394013 865426
779824 302108
710029 41543
453486 156070
85814 647519
478879 58387
863390 14083
183671 347716
220582 163130
582024 879639
466474 58345
363584 375242
696426 884644
465915 663084
171540 689901
617576 90121
246298 140429
272425 242739
238246 578537
917178 347524
535506 788364
676449 284110
972326 330931
244705 737894
140813 76598
929434 703046
52394 723817
330362 882150
343103 398599
632962 736403
372013 891606
532441 180856
592896 847876
419082 722593
924274 862125
965782 880963
599125 985908
21884 695965
330387 163142
375923 545629
683462 113236
979736 966318
123251 27526
610901 373494
673606 595364
414493 376783
868748 44157
887813 311865
754033 186015
427956 71403
779116 134122
174421 538409
963862 809733
178247 14665
995231 381052
422407 301420
745363 481495
391674 401568
810155 166586
809217 329842
288272 802950
824565 868728
988535 48053
985004 558275
866262 55294
891309 734918
2316 628425
543399 475686
898084 938098
836265 601676
501687 665632
351058 424162
472054 835070
450468 545238
606316 854889
403242 299881
329480 411494
896902 155819
536742 571815
473703 863857
687701 480500
114175 81286
952100 301546
32009 355532
140196 780773
979700 154586
528120 631114
332596 178506
810963 367007
708884 915207
731103 998851
160429 1303
805483 574711
12186 603141
154678 20210
337886 48417
688145 390587
154212 9016
68088 822536
236611 292336
499198 935422
825179 153843
223375 509266
74875 216982
7984 675807
760727 267199
103970 320779
749920 278340
97063 299498
535337 864755
818484 532152
97497 461152
218026 305768
834601 543726
563172 553210
576024 440110
602947 140856
26833 780359
649987 664370
571051 571408
831244 611836
969400 731841
576713 657652
435456 230863
557957 510229
270622 817847
297970 582091
115779 141077
620927 788382
354175 47829
785799 821078
995704 697086
130874 370366
440900 85432
902087 741616
911448 405948
825956 686066
599330 935147
63768 652756
91974 585139
39781 266773
732202 279745
144635 441216
139579 91968
55182 604254
565713 479591
636766 496393
545016 1533
560879 550681
381972 549786
493037 303792
642205 412053
14844 239597
845661 303272
130191 144060
603992 951599
620758 341954
980307 509711
715735 941143
615769 643128
347602 782683
252293 373180
796578 258184
325562 177926
783986 532803
96799 531931
614893 303342
617227 366449
602274 624177
591706 276095
548031 629048
26132 430943
566345 753610
59895 277442
499804 366631
254719 346889
440639 776767
410319 468832
247226 902860
894473 825586
947975 518025
395759 252730
904801 685910
597095 957236
644377 730727
22935 416049
883609 8712
888247 892224
403387 368238
593083 542153
535108 279970
777129 58409
308243 282451
965331 686192
563869 184584
743822 138134
95631 555114
567281 681106
11874 514786
790816 220341
175062 175673
464816 41200
41583 667057
22956 96725
117267 12172
522702 342491
490354 135595
192608 745584
834974 156298
291056 797271
592330 233827
917679 241719
965010 313869
853945 382554
748556 160137
832962 717061
471138 761866
685673 354905
689076 694446
163949 322817
652644 985424
612561 595316
957974 217127
927995 572902
452429 940560
192387 340516
212718 98670
787655 79363
220245 400974
824099 687834
61694 484080
426494 529238
793708 204618
915485 626223
703526 917084
146521 22513
599715 753958
466327 298886
716334 525393
716184 463285
399858 541434
59867 16517
407465 19952
956742 229812
600346 709976
447445 245263
449786 119889
793094 767287
566979 449087
874217 55527
282479 496491
164000 802975
693894 39023
220813 241726
534261 847660
503179 938450
767895 763043
906071 651458
295906 789070
781448 102875
580298 825817
571475 840136
480863 918295
973351 666480
764698 627673
920821 736788
269015 680593
238109 501172
2872 705717
323274 80132
121122 877216
711592 892533
670479 448665
498411 905199
374503 246847
572781 863255
857700 594909
58741 844350
942778 335892
850394 312922
851554 867501
4523 436089
727462 154075
457929 990255
784265 173954
735355 404802
761260 856764
699305 670473
977426 685294
789191 82151
532452 913103
958768 462510
721075 235579
366324 505675
533783 962407
681781 287712
932596 29492
365407 695025
7773 703109
805445 625776
488709 244728
900184 84992
781624 898415
647298 804347
111487 618384
363153 889689
436968 744126
891649 501694
401366 680925
459569 208031
547612 406504
621352 47890
878123 14278
354242 842123
862240 128496
574713 857424
943861 617759
472178 113479
360062 621732
445526 547621
767319 773047
687050 458788
976625 495218
608037 41590
986922 901944
821884 246305
711923 957117
422646 370400
474345 338758
731274 278584
737686 141272
44378 796374
145746 436542
723580 792266
715777 696155
265654 864236
41062 972874
227740 446671
389647 136929
318271 668186
134488 976016
588620 754238
654698 654575
59939 722324
828103 966879
148110 992189
72446 57250
685983 427276
151560 115543
942629 303227
121597 607991
330468 120343
421319 873339
397094 797954
876111 386781
691319 487199
601162 426310
730029 330750
293834 611919
66388 527947
719962 2590
254411 987718
762917 374424
819828 520361
198467 280268
839604 684086
403599 398042
657908 742539
690457 899531
